
################################################################################
# Gelman-Rubin Diagnostic
################################################################################

Generally the Gelman diagnostic should be < 1.05


Out of 172 variables: 1 > 1.01

                      
0 > 1.05

                      
0 > 1.1


The worst variables are:

               Point est. Upper C.I.
p.fac1[12,1]     1.014466   1.018984
loglik[16]       1.008587   1.012243
p.fac1[6,1]      1.008152   1.014318
p.fac1[5,1]      1.007129   1.018339
p.fac1[23,1]     1.004866   1.010020
p.fac1[7,1]      1.004677   1.013162
p.fac1[27,1]     1.004458   1.013619
loglik[23]       1.003612   1.006914
ilr.fac1[21,1]   1.003425   1.014418
ilr.fac1[19,1]   1.003377   1.008188


And here are the Gelman diagnostics for all variables:

               Point est. Upper C.I.
deviance        1.0007628  1.0028338
ilr.fac1[1,1]         NaN        NaN
ilr.fac1[2,1]   0.9990589  0.9991737
ilr.fac1[3,1]   0.9992673  0.9994018
ilr.fac1[4,1]   1.0009112  1.0040812
ilr.fac1[5,1]   1.0000338  1.0025808
ilr.fac1[6,1]   1.0012992  1.0035859
ilr.fac1[7,1]   1.0001939  1.0018188
ilr.fac1[8,1]   1.0006888  1.0043192
ilr.fac1[9,1]   1.0005391  1.0022838
ilr.fac1[10,1]  0.9997321  1.0010116
ilr.fac1[11,1]  1.0017946  1.0075241
ilr.fac1[12,1]  1.0002011  1.0025272
ilr.fac1[13,1]  1.0007061  1.0051034
ilr.fac1[14,1]  1.0025444  1.0108415
ilr.fac1[15,1]  0.9998088  1.0000307
ilr.fac1[16,1]  1.0018505  1.0093160
ilr.fac1[17,1]  1.0003284  1.0020156
ilr.fac1[18,1]  0.9992805  0.9996961
ilr.fac1[19,1]  1.0033770  1.0081882
ilr.fac1[20,1]  1.0025803  1.0072150
ilr.fac1[21,1]  1.0034248  1.0144180
ilr.fac1[22,1]  0.9997715  1.0014457
ilr.fac1[23,1]  1.0007007  1.0007679
ilr.fac1[24,1]  0.9996466  1.0000721
ilr.fac1[25,1]  0.9993634  0.9998181
ilr.fac1[26,1]  0.9996560  0.9998725
ilr.fac1[27,1]  1.0026138  1.0118094
ilr.fac1[28,1]  1.0013769  1.0048142
ilr.fac1[1,2]         NaN        NaN
ilr.fac1[2,2]   1.0022270  1.0094776
ilr.fac1[3,2]   1.0002504  1.0014925
ilr.fac1[4,2]   1.0018776  1.0060311
ilr.fac1[5,2]   1.0006294  1.0030295
ilr.fac1[6,2]   1.0022647  1.0073183
ilr.fac1[7,2]   1.0008416  1.0020733
ilr.fac1[8,2]   1.0015906  1.0067965
ilr.fac1[9,2]   0.9999667  1.0013883
ilr.fac1[10,2]  0.9996106  0.9998413
ilr.fac1[11,2]  1.0013944  1.0015683
ilr.fac1[12,2]  1.0005630  1.0029335
ilr.fac1[13,2]  1.0007747  1.0025774
ilr.fac1[14,2]  1.0011196  1.0066208
ilr.fac1[15,2]  1.0009197  1.0034459
ilr.fac1[16,2]  1.0002566  1.0006840
ilr.fac1[17,2]  1.0008332  1.0054683
ilr.fac1[18,2]  1.0000083  1.0024919
ilr.fac1[19,2]  1.0021583  1.0096055
ilr.fac1[20,2]  1.0019532  1.0061232
ilr.fac1[21,2]  1.0008629  1.0046447
ilr.fac1[22,2]  0.9994539  1.0005636
ilr.fac1[23,2]  1.0000810  1.0004659
ilr.fac1[24,2]  1.0019522  1.0082066
ilr.fac1[25,2]  1.0031289  1.0069256
ilr.fac1[26,2]  1.0004772  1.0040866
ilr.fac1[27,2]  1.0026208  1.0121336
ilr.fac1[28,2]  1.0007797  1.0030995
loglik[1]       1.0022089  1.0080751
loglik[2]       1.0003060  1.0037591
loglik[3]       1.0008913  1.0030240
loglik[4]       1.0003057  1.0006776
loglik[5]       1.0033028  1.0077060
loglik[6]       1.0012349  1.0021805
loglik[7]       1.0032567  1.0042685
loglik[8]       1.0009850  1.0051794
loglik[9]       1.0003752  1.0012451
loglik[10]      0.9993295  0.9996534
loglik[11]      1.0008703  1.0020853
loglik[12]      1.0020246  1.0041450
loglik[13]      1.0026171  1.0047614
loglik[14]      1.0024010  1.0029026
loglik[15]      1.0030460  1.0058503
loglik[16]      1.0085866  1.0122429
loglik[17]      1.0014225  1.0036597
loglik[18]      1.0007817  1.0040694
loglik[19]      1.0000502  1.0020366
loglik[20]      1.0003663  1.0021892
loglik[21]      1.0003792  1.0008299
loglik[22]      1.0017494  1.0088683
loglik[23]      1.0036123  1.0069143
loglik[24]      1.0030967  1.0126277
loglik[25]      1.0008557  1.0014754
loglik[26]      1.0015381  1.0077460
loglik[27]      1.0030343  1.0038854
loglik[28]      1.0001704  1.0022307
p.fac1[1,1]     0.9993567  1.0002528
p.fac1[2,1]     0.9997646  1.0006407
p.fac1[3,1]     1.0005038  1.0039435
p.fac1[4,1]     1.0002898  1.0024825
p.fac1[5,1]     1.0071293  1.0183392
p.fac1[6,1]     1.0081520  1.0143182
p.fac1[7,1]     1.0046774  1.0131620
p.fac1[8,1]     1.0008393  1.0014064
p.fac1[9,1]     0.9999377  1.0001813
p.fac1[10,1]    1.0002939  1.0031231
p.fac1[11,1]    1.0017648  1.0034909
p.fac1[12,1]    1.0144656  1.0189838
p.fac1[13,1]    0.9998467  1.0003854
p.fac1[14,1]    1.0013022  1.0058719
p.fac1[15,1]    1.0007313  1.0037506
p.fac1[16,1]    1.0020691  1.0081123
p.fac1[17,1]    1.0011946  1.0030971
p.fac1[18,1]    0.9996767  1.0012030
p.fac1[19,1]    0.9990975  0.9992961
p.fac1[20,1]    0.9991447  0.9992940
p.fac1[21,1]    1.0011628  1.0061164
p.fac1[22,1]    1.0017707  1.0076415
p.fac1[23,1]    1.0048660  1.0100202
p.fac1[24,1]    0.9996798  1.0009178
p.fac1[25,1]    0.9998984  1.0013634
p.fac1[26,1]    1.0006891  1.0041507
p.fac1[27,1]    1.0044582  1.0136189
p.fac1[28,1]    1.0007470  1.0022357
p.fac1[1,2]     0.9995497  1.0007236
p.fac1[2,2]     1.0010685  1.0029013
p.fac1[3,2]     0.9994149  1.0003028
p.fac1[4,2]     0.9998577  1.0003876
p.fac1[5,2]     1.0011137  1.0015961
p.fac1[6,2]     1.0022134  1.0023569
p.fac1[7,2]     1.0017595  1.0083753
p.fac1[8,2]     0.9998980  1.0007583
p.fac1[9,2]     1.0011266  1.0038288
p.fac1[10,2]    0.9996208  0.9999274
p.fac1[11,2]    1.0012795  1.0048461
p.fac1[12,2]    1.0007138  1.0009556
p.fac1[13,2]    1.0017109  1.0075097
p.fac1[14,2]    0.9994223  0.9995633
p.fac1[15,2]    1.0010640  1.0052289
p.fac1[16,2]    1.0000704  1.0013004
p.fac1[17,2]    1.0025307  1.0034148
p.fac1[18,2]    1.0010649  1.0043301
p.fac1[19,2]    1.0023422  1.0080610
p.fac1[20,2]    1.0001565  1.0022999
p.fac1[21,2]    1.0022329  1.0073821
p.fac1[22,2]    0.9992753  0.9993114
p.fac1[23,2]    0.9995633  1.0002450
p.fac1[24,2]    1.0023656  1.0085503
p.fac1[25,2]    1.0006798  1.0041501
p.fac1[26,2]    1.0024148  1.0099960
p.fac1[27,2]    1.0004264  1.0011105
p.fac1[28,2]    0.9994677  1.0002733
p.fac1[1,3]     0.9996248  1.0004848
p.fac1[2,3]     0.9997587  1.0017218
p.fac1[3,3]     1.0003415  1.0037153
p.fac1[4,3]     1.0000754  1.0021962
p.fac1[5,3]     1.0008290  1.0043133
p.fac1[6,3]     1.0022748  1.0034719
p.fac1[7,3]     1.0016918  1.0087275
p.fac1[8,3]     0.9997700  1.0003197
p.fac1[9,3]     1.0006541  1.0028245
p.fac1[10,3]    0.9995444  1.0006433
p.fac1[11,3]    1.0015771  1.0032142
p.fac1[12,3]    0.9999669  1.0000271
p.fac1[13,3]    1.0024705  1.0079083
p.fac1[14,3]    1.0000320  1.0015367
p.fac1[15,3]    1.0015377  1.0068127
p.fac1[16,3]    0.9994713  0.9998493
p.fac1[17,3]    1.0011614  1.0031207
p.fac1[18,3]    1.0006558  1.0041014
p.fac1[19,3]    1.0009401  1.0043495
p.fac1[20,3]    0.9996588  1.0002797
p.fac1[21,3]    1.0000123  1.0020582
p.fac1[22,3]    1.0001769  1.0011407
p.fac1[23,3]    0.9999252  1.0016455
p.fac1[24,3]    1.0010591  1.0063224
p.fac1[25,3]    1.0008266  1.0046174
p.fac1[26,3]    1.0014972  1.0079877
p.fac1[27,3]    1.0013761  1.0067802
p.fac1[28,3]    0.9994597  1.0002050
p.global[1]     0.9993567  1.0002528
p.global[2]     0.9995497  1.0007236
p.global[3]     0.9996248  1.0004848

################################################################################
# Geweke Diagnostic
################################################################################

The Geweke diagnostic is a standard z-score, so we'd expect 5% to be outside +/-1.96
Number of variables outside +/-1.96 in each chain (out of 
172
):


       Chain 1 Chain 2 Chain 3
Geweke       2       7       6


And here are the Geweke diagnostics for all variables:

               chain1 chain2 chain3
deviance       -0.444 -0.335 -0.036
ilr.fac1[2,1]   0.082 -0.116  1.409
ilr.fac1[3,1]  -1.539  0.641 -1.901
ilr.fac1[4,1]  -0.856  1.245 -0.946
ilr.fac1[5,1]   1.499  0.861  0.749
ilr.fac1[6,1]  -1.194  1.432 -0.447
ilr.fac1[7,1]   0.890  1.686 -0.261
ilr.fac1[8,1]   0.348 -0.020  0.255
ilr.fac1[9,1]   0.611  0.447 -0.119
ilr.fac1[10,1]  0.457  0.446  0.393
ilr.fac1[11,1]  0.806 -0.555  0.330
ilr.fac1[12,1]  0.737  0.683 -0.514
ilr.fac1[13,1] -0.120 -1.087 -1.189
ilr.fac1[14,1] -0.698  0.420  1.144
ilr.fac1[15,1] -1.948 -0.856 -0.282
ilr.fac1[16,1] -0.207 -0.164  0.399
ilr.fac1[17,1] -0.022  0.647  0.080
ilr.fac1[18,1]  0.772 -0.953 -0.211
ilr.fac1[19,1]  0.323 -1.040  1.395
ilr.fac1[20,1]  0.569  0.941 -0.034
ilr.fac1[21,1]  0.712  2.160 -1.314
ilr.fac1[22,1] -0.638 -0.564 -0.832
ilr.fac1[23,1] -0.628 -1.808 -0.122
ilr.fac1[24,1] -1.623 -1.027  0.010
ilr.fac1[25,1] -0.160 -1.394  0.849
ilr.fac1[26,1] -1.151  0.946 -1.766
ilr.fac1[27,1]  0.013  0.743 -0.503
ilr.fac1[28,1]  0.127 -0.228  0.211
ilr.fac1[2,2]   0.358 -1.037  0.175
ilr.fac1[3,2]  -1.243  1.523 -1.081
ilr.fac1[4,2]  -1.192  1.126  0.598
ilr.fac1[5,2]  -1.226  0.237  3.310
ilr.fac1[6,2]   0.973  1.270 -0.375
ilr.fac1[7,2]  -0.844 -1.665 -0.223
ilr.fac1[8,2]   0.210  0.142  0.089
ilr.fac1[9,2]  -0.401  0.637  0.105
ilr.fac1[10,2]  0.389  0.395  0.702
ilr.fac1[11,2]  0.178  0.329  1.028
ilr.fac1[12,2] -0.486  2.219 -1.454
ilr.fac1[13,2] -0.393 -0.769 -0.301
ilr.fac1[14,2] -0.895  0.156 -0.279
ilr.fac1[15,2] -1.154 -2.264 -0.035
ilr.fac1[16,2] -0.687 -0.106  0.238
ilr.fac1[17,2] -1.205  0.594 -0.925
ilr.fac1[18,2]  0.502 -0.608  1.799
ilr.fac1[19,2]  1.986  0.273  0.100
ilr.fac1[20,2]  1.275 -0.576  0.280
ilr.fac1[21,2]  2.266 -0.017 -0.975
ilr.fac1[22,2]  0.499  0.028 -0.793
ilr.fac1[23,2]  0.831 -0.287  0.126
ilr.fac1[24,2] -0.739 -2.237 -0.064
ilr.fac1[25,2]  0.650 -0.066  1.656
ilr.fac1[26,2]  0.020 -1.168  1.306
ilr.fac1[27,2] -0.781  0.394  0.721
ilr.fac1[28,2] -0.402 -0.114 -0.106
loglik[1]       0.033  1.379  0.278
loglik[2]       1.031  0.537  1.986
loglik[3]       1.320  1.016  0.894
loglik[4]       1.891  1.196 -1.052
loglik[5]       0.283  0.309  0.297
loglik[6]      -1.066  0.521  0.678
loglik[7]      -0.339 -0.128  0.757
loglik[8]       0.796  1.272  0.481
loglik[9]      -0.270 -0.119 -0.819
loglik[10]     -0.834 -0.045 -0.857
loglik[11]      0.277 -0.212 -0.450
loglik[12]     -0.513 -1.068 -2.109
loglik[13]      0.436  0.782  0.867
loglik[14]      1.483 -1.281  2.082
loglik[15]     -1.573 -1.835 -0.474
loglik[16]     -0.348  0.445 -1.407
loglik[17]      0.572  0.933 -0.768
loglik[18]     -1.106  0.611  0.309
loglik[19]     -1.437 -0.267  0.355
loglik[20]      1.110 -0.058  0.900
loglik[21]     -0.362  0.316 -0.768
loglik[22]      1.063  0.721 -0.438
loglik[23]      0.986  0.044  0.380
loglik[24]     -0.034 -0.005 -0.835
loglik[25]      1.325  0.219 -0.248
loglik[26]     -0.026 -0.146 -1.144
loglik[27]      0.286 -1.622  0.795
loglik[28]      1.174  0.771  0.754
p.fac1[1,1]     0.617  0.892  0.332
p.fac1[2,1]     0.666  0.444  0.809
p.fac1[3,1]    -0.140  0.599 -0.391
p.fac1[4,1]    -0.934  2.104  0.257
p.fac1[5,1]     0.538  0.408  0.875
p.fac1[6,1]     0.431  1.691 -0.501
p.fac1[7,1]     0.513  0.752  0.466
p.fac1[8,1]     0.364  1.371  0.588
p.fac1[9,1]     0.292  2.282 -0.114
p.fac1[10,1]    0.749  0.562  0.578
p.fac1[11,1]    0.392  0.815  0.990
p.fac1[12,1]    0.936  1.149 -1.567
p.fac1[13,1]   -0.644  0.538 -0.204
p.fac1[14,1]    1.015  1.070  1.007
p.fac1[15,1]   -0.127 -0.202  0.010
p.fac1[16,1]    0.238  0.443  0.620
p.fac1[17,1]    0.103  1.649 -0.079
p.fac1[18,1]    0.493  0.220  0.108
p.fac1[19,1]    0.616  1.198  0.483
p.fac1[20,1]    0.743  0.859  0.291
p.fac1[21,1]    1.189  1.559 -0.650
p.fac1[22,1]    0.062  0.047  0.003
p.fac1[23,1]    0.323  1.438  0.216
p.fac1[24,1]   -0.415  0.625  0.769
p.fac1[25,1]    0.672  0.370  0.883
p.fac1[26,1]    0.292  0.815  0.333
p.fac1[27,1]   -0.170  1.012 -0.177
p.fac1[28,1]   -0.009  1.870  0.281
p.fac1[1,2]     0.091  0.892 -0.338
p.fac1[2,2]    -0.396  0.200 -1.007
p.fac1[3,2]    -0.834  1.322  0.072
p.fac1[4,2]    -0.476  1.327  0.399
p.fac1[5,2]    -1.349  0.759  1.295
p.fac1[6,2]     1.165  0.394 -0.072
p.fac1[7,2]    -1.250 -2.557  0.168
p.fac1[8,2]     0.113  1.088 -0.591
p.fac1[9,2]    -0.484  0.523 -0.043
p.fac1[10,2]   -0.188  0.420 -0.315
p.fac1[11,2]    0.004  1.202  0.017
p.fac1[12,2]   -0.918  1.274 -0.647
p.fac1[13,2]    0.302  0.794  0.113
p.fac1[14,2]   -1.127  0.911 -2.062
p.fac1[15,2]    0.292 -0.497  0.216
p.fac1[16,2]   -0.697  1.045 -0.412
p.fac1[17,2]   -0.820  0.837 -0.882
p.fac1[18,2]    0.207  0.723  1.061
p.fac1[19,2]    0.989  0.895 -1.105
p.fac1[20,2]    0.132 -1.480 -0.147
p.fac1[21,2]    0.466 -1.386  0.557
p.fac1[22,2]    0.370  0.940 -0.078
p.fac1[23,2]    1.321  0.940  0.265
p.fac1[24,2]    0.274 -0.066  0.029
p.fac1[25,2]    0.352  1.220  0.568
p.fac1[26,2]    0.680 -0.757  2.097
p.fac1[27,2]   -0.516  0.774  1.348
p.fac1[28,2]   -1.264  0.398 -0.441
p.fac1[1,3]    -0.280 -0.881 -0.011
p.fac1[2,3]    -0.466 -0.448 -0.254
p.fac1[3,3]     0.359 -0.980  0.169
p.fac1[4,3]     0.614 -1.951 -0.395
p.fac1[5,3]     0.205 -0.686 -1.621
p.fac1[6,3]    -1.048 -1.205  0.415
p.fac1[7,3]     0.531  1.440 -0.380
p.fac1[8,3]    -0.180 -1.407  0.076
p.fac1[9,3]     0.177 -1.683  0.076
p.fac1[10,3]   -0.504 -0.568 -0.314
p.fac1[11,3]   -0.171 -1.333 -0.480
p.fac1[12,3]    0.362 -1.652  0.954
p.fac1[13,3]   -0.065 -0.825 -0.032
p.fac1[14,3]    0.163 -0.770  0.696
p.fac1[15,3]   -0.143  0.413 -0.172
p.fac1[16,3]    0.194 -1.183  0.005
p.fac1[17,3]    0.448 -1.567  0.462
p.fac1[18,3]   -0.470 -0.511 -0.423
p.fac1[19,3]   -1.013 -1.191  0.412
p.fac1[20,3]   -1.072 -0.499 -0.233
p.fac1[21,3]   -1.296 -1.131  0.504
p.fac1[22,3]   -0.306 -0.803  0.065
p.fac1[23,3]   -0.732 -1.594 -0.338
p.fac1[24,3]   -0.094 -0.215 -0.308
p.fac1[25,3]   -0.440 -1.073 -0.650
p.fac1[26,3]   -0.599 -0.304 -1.097
p.fac1[27,3]    0.284 -1.305 -0.157
p.fac1[28,3]    1.119 -0.892  0.299
p.global[1]     0.617  0.892  0.332
p.global[2]     0.091  0.892 -0.338
p.global[3]    -0.280 -0.881 -0.011
