
#################################################################
# Summary Statistics
#################################################################

DIC = 102.5628

                                 Mean    SD  2.5%    5%   25%   50%   75%   95% 97.5%
Epsilon.1                       3.466 1.861 1.010 1.216 2.163 3.096 4.359 7.214 8.263
Epsilon.2                       0.771 0.563 0.160 0.196 0.398 0.617 0.974 1.955 2.330
Lake.SD                         1.449 0.649 0.599 0.666 0.960 1.280 1.823 2.696 2.997
p.>350um.Algae                  0.069 0.056 0.004 0.005 0.032 0.053 0.096 0.180 0.215
p.cladocera.Algae               0.183 0.136 0.015 0.023 0.079 0.150 0.253 0.472 0.509
p.copepoda.Algae                0.073 0.073 0.004 0.007 0.024 0.049 0.098 0.235 0.278
p.>350um.Plants                 0.068 0.062 0.013 0.015 0.030 0.051 0.084 0.184 0.225
p.cladocera.Plants              0.187 0.135 0.021 0.036 0.093 0.159 0.246 0.442 0.543
p.copepoda.Plants               0.213 0.132 0.031 0.045 0.121 0.187 0.279 0.460 0.540
p.>350um.POM                    0.863 0.082 0.672 0.703 0.814 0.885 0.918 0.969 0.982
p.cladocera.POM                 0.630 0.166 0.271 0.327 0.523 0.644 0.751 0.878 0.908
p.copepoda.POM                  0.714 0.139 0.400 0.466 0.632 0.734 0.812 0.907 0.935
p.>350um.Sunrise2.Algae         0.056 0.079 0.000 0.001 0.008 0.031 0.076 0.183 0.224
p.>350um.Sunrise2.Plants        0.042 0.049 0.000 0.001 0.008 0.023 0.058 0.146 0.179
p.>350um.Sunrise2.POM           0.903 0.094 0.697 0.744 0.859 0.926 0.970 0.996 0.999
p.>350um.Blue.Algae             0.087 0.055 0.004 0.009 0.046 0.081 0.120 0.189 0.213
p.>350um.Blue.Plants            0.081 0.048 0.013 0.019 0.046 0.073 0.107 0.175 0.198
p.>350um.Blue.POM               0.832 0.065 0.693 0.711 0.790 0.836 0.880 0.927 0.946
p.>350um.EasternBrook.Algae     0.045 0.046 0.001 0.001 0.011 0.032 0.065 0.137 0.166
p.>350um.EasternBrook.Plants    0.069 0.045 0.007 0.012 0.036 0.061 0.094 0.152 0.179
p.>350um.EasternBrook.POM       0.886 0.058 0.758 0.778 0.851 0.895 0.928 0.964 0.974
p.>350um.Lukens.Algae           0.015 0.018 0.000 0.000 0.002 0.008 0.021 0.050 0.068
p.>350um.Lukens.Plants          0.009 0.012 0.000 0.000 0.002 0.005 0.012 0.031 0.042
p.>350um.Lukens.POM             0.976 0.023 0.916 0.930 0.966 0.984 0.993 0.999 0.999
p.>350um.Greenstone.Algae       0.067 0.080 0.000 0.001 0.010 0.039 0.101 0.220 0.262
p.>350um.Greenstone.Plants      0.063 0.071 0.000 0.001 0.013 0.038 0.088 0.208 0.244
p.>350um.Greenstone.POM         0.870 0.105 0.637 0.683 0.808 0.891 0.953 0.994 0.997
p.>350um.Granite2.Algae         0.422 0.157 0.108 0.156 0.325 0.419 0.523 0.682 0.762
p.>350um.Granite2.Plants        0.137 0.099 0.004 0.014 0.067 0.118 0.184 0.327 0.390
p.>350um.Granite2.POM           0.440 0.152 0.100 0.166 0.350 0.440 0.534 0.689 0.754
p.>350um.MayPond.Algae          0.020 0.025 0.000 0.000 0.004 0.011 0.026 0.069 0.088
p.>350um.MayPond.Plants         0.036 0.032 0.000 0.001 0.011 0.027 0.052 0.100 0.118
p.>350um.MayPond.POM            0.945 0.042 0.845 0.865 0.920 0.954 0.977 0.996 0.998
p.>350um.Cascade.Algae          0.031 0.032 0.000 0.001 0.007 0.022 0.046 0.093 0.111
p.>350um.Cascade.Plants         0.045 0.040 0.001 0.002 0.017 0.034 0.062 0.123 0.150
p.>350um.Cascade.POM            0.924 0.049 0.806 0.828 0.897 0.933 0.960 0.986 0.991
p.cladocera.Lukens.Algae        0.047 0.050 0.000 0.001 0.009 0.032 0.070 0.147 0.178
p.cladocera.Lukens.Plants       0.030 0.029 0.001 0.001 0.008 0.021 0.043 0.090 0.105
p.cladocera.Lukens.POM          0.923 0.061 0.773 0.805 0.888 0.937 0.971 0.994 0.997
p.cladocera.Blue.Algae          0.230 0.132 0.006 0.013 0.134 0.230 0.321 0.452 0.500
p.cladocera.Blue.Plants         0.211 0.108 0.031 0.050 0.136 0.199 0.277 0.399 0.471
p.cladocera.Blue.POM            0.559 0.118 0.347 0.380 0.479 0.551 0.630 0.771 0.817
p.cladocera.Cascade.Algae       0.093 0.080 0.001 0.002 0.025 0.074 0.140 0.243 0.285
p.cladocera.Cascade.Plants      0.137 0.091 0.004 0.008 0.062 0.129 0.202 0.298 0.329
p.cladocera.Cascade.POM         0.770 0.094 0.593 0.621 0.704 0.768 0.834 0.937 0.956
p.cladocera.EasternBrook.Algae  0.123 0.114 0.002 0.005 0.035 0.091 0.179 0.344 0.400
p.cladocera.EasternBrook.Plants 0.209 0.120 0.013 0.026 0.116 0.209 0.289 0.415 0.446
p.cladocera.EasternBrook.POM    0.668 0.122 0.426 0.476 0.583 0.666 0.752 0.873 0.913
p.cladocera.Granite2.Algae      0.599 0.168 0.258 0.343 0.492 0.592 0.706 0.884 0.927
p.cladocera.Granite2.Plants     0.210 0.129 0.005 0.015 0.109 0.204 0.301 0.432 0.479
p.cladocera.Granite2.POM        0.190 0.116 0.023 0.035 0.108 0.174 0.254 0.404 0.462
p.copepoda.Lukens.Algae         0.017 0.021 0.000 0.000 0.002 0.009 0.024 0.058 0.069
p.copepoda.Lukens.Plants        0.036 0.039 0.000 0.001 0.008 0.023 0.053 0.117 0.142
p.copepoda.Lukens.POM           0.947 0.048 0.824 0.851 0.923 0.960 0.983 0.997 0.999
p.copepoda.MayPond.Algae        0.019 0.023 0.000 0.000 0.004 0.011 0.027 0.064 0.086
p.copepoda.MayPond.Plants       0.130 0.095 0.001 0.003 0.046 0.123 0.195 0.303 0.336
p.copepoda.MayPond.POM          0.851 0.098 0.645 0.679 0.781 0.858 0.934 0.991 0.996
p.copepoda.Blue.Algae           0.089 0.070 0.003 0.006 0.034 0.073 0.130 0.227 0.259
p.copepoda.Blue.Plants          0.259 0.112 0.021 0.049 0.183 0.269 0.335 0.437 0.464
p.copepoda.Blue.POM             0.652 0.102 0.468 0.499 0.580 0.646 0.713 0.831 0.874
p.copepoda.EasternBrook.Algae   0.045 0.047 0.000 0.001 0.011 0.029 0.063 0.141 0.174
p.copepoda.EasternBrook.Plants  0.223 0.101 0.018 0.039 0.159 0.230 0.297 0.376 0.405
p.copepoda.EasternBrook.POM     0.732 0.096 0.559 0.585 0.664 0.727 0.794 0.907 0.937
p.copepoda.Granite2.Algae       0.349 0.178 0.056 0.080 0.219 0.335 0.460 0.668 0.742
p.copepoda.Granite2.Plants      0.349 0.171 0.010 0.036 0.242 0.360 0.457 0.624 0.681
p.copepoda.Granite2.POM         0.302 0.130 0.046 0.082 0.219 0.299 0.385 0.517 0.564
