
################################################################################
# Gelman-Rubin Diagnostic
################################################################################

Generally the Gelman diagnostic should be < 1.05


Out of 68 variables: 50 > 1.01

                      
27 > 1.05

                      
20 > 1.1


The worst variables are:

              Point est. Upper C.I.
p.fac1[1,3]     1.596702   2.655788
p.global[3]     1.596702   2.655788
p.fac1[1,2]     1.506780   3.472703
p.global[2]     1.506780   3.472703
ilr.global[2]   1.461355   2.340061
p.fac1[3,3]     1.365544   2.000428
p.fac1[2,3]     1.326680   1.868298
ilr.fac2[3,2]   1.290136   1.785738
p.fac1[3,2]     1.248960   1.784617
ilr.fac2[1,2]   1.240179   1.661397


And here are the Gelman diagnostics for all variables:

              Point est. Upper C.I.
deviance        1.012061   1.044925
fac2.sig        1.117523   1.343422
ilr.fac1[1,1]        NaN        NaN
ilr.fac1[1,2]        NaN        NaN
ilr.fac1[2,1]   1.040694   1.138591
ilr.fac1[2,2]   1.047726   1.161052
ilr.fac1[3,1]   1.055033   1.175995
ilr.fac1[3,2]   1.051765   1.170728
ilr.fac2[1,1]   1.087826   1.267323
ilr.fac2[1,2]   1.240179   1.661397
ilr.fac2[2,1]   1.016930   1.030451
ilr.fac2[2,2]   1.155082   1.448905
ilr.fac2[3,1]   1.025555   1.065656
ilr.fac2[3,2]   1.290136   1.785738
ilr.fac2[4,1]   1.074479   1.153099
ilr.fac2[4,2]   1.130653   1.381504
ilr.fac2[5,1]   1.019440   1.023828
ilr.fac2[5,2]   1.088952   1.260898
ilr.fac2[6,1]   1.018349   1.028777
ilr.fac2[6,2]   1.126976   1.369462
ilr.fac2[7,1]   1.015276   1.020277
ilr.fac2[7,2]   1.105895   1.310476
ilr.fac2[8,1]   1.032892   1.048230
ilr.fac2[8,2]   1.066151   1.202498
ilr.global[1]   1.113584   1.261676
ilr.global[2]   1.461355   2.340061
loglik[1]       1.006730   1.011756
loglik[10]      1.026912   1.090917
loglik[11]      1.005190   1.019944
loglik[12]      1.001813   1.006645
loglik[13]      1.000970   1.004888
loglik[14]      1.000958   1.001613
loglik[15]      1.001831   1.007341
loglik[16]      1.011164   1.037041
loglik[17]      1.006561   1.022625
loglik[18]      1.024809   1.082228
loglik[19]      1.015904   1.054187
loglik[2]       1.003815   1.010613
loglik[20]      1.044589   1.084381
loglik[21]      1.000464   1.003810
loglik[22]      1.018846   1.057290
loglik[23]      1.016679   1.053016
loglik[24]      1.002240   1.006920
loglik[25]      1.026297   1.041330
loglik[26]      1.036130   1.105788
loglik[27]      1.010439   1.039597
loglik[28]      1.008532   1.030877
loglik[3]       1.005368   1.022041
loglik[4]       1.001624   1.008100
loglik[5]       1.006119   1.013150
loglik[6]       1.002078   1.008145
loglik[7]       1.002528   1.010986
loglik[8]       1.030188   1.090206
loglik[9]       1.023677   1.068032
p.fac1[1,1]     1.186633   1.566463
p.fac1[1,2]     1.506780   3.472703
p.fac1[1,3]     1.596702   2.655788
p.fac1[2,1]     1.089912   1.241868
p.fac1[2,2]     1.238773   1.760595
p.fac1[2,3]     1.326680   1.868298
p.fac1[3,1]     1.139573   1.383470
p.fac1[3,2]     1.248960   1.784617
p.fac1[3,3]     1.365544   2.000428
p.global[1]     1.186633   1.566463
p.global[2]     1.506780   3.472703
p.global[3]     1.596702   2.655788
resid.prop[1]   1.011315   1.041544
resid.prop[2]   1.016913   1.023656

################################################################################
# Geweke Diagnostic
################################################################################

The Geweke diagnostic is a standard z-score, so we'd expect 5% to be outside +/-1.96
Number of variables outside +/-1.96 in each chain (out of 
68
):


       Chain 1 Chain 2 Chain 3
Geweke      28      26      22


And here are the Geweke diagnostics for all variables:

              chain1 chain2  chain3
deviance       2.544 -2.912   1.076
fac2.sig       4.020  2.737   3.739
ilr.fac1[2,1]  2.255 -1.912  -0.667
ilr.fac1[2,2]  0.324  1.657   1.341
ilr.fac1[3,1]  1.971 -0.832   1.546
ilr.fac1[3,2]  0.199 -0.009   0.570
ilr.fac2[1,1] -0.348  6.605  -3.296
ilr.fac2[1,2]  4.289 -1.052  -6.801
ilr.fac2[2,1] -3.529  0.164  -0.041
ilr.fac2[2,2]  1.724 -1.697  -8.597
ilr.fac2[3,1]  0.330 -0.206  -1.917
ilr.fac2[3,2]  3.286 -2.152  -2.911
ilr.fac2[4,1]  2.963  4.964  -1.573
ilr.fac2[4,2]  3.628 -1.164  -1.919
ilr.fac2[5,1]  0.609  2.368  -0.557
ilr.fac2[5,2]  1.559 -1.318  -2.181
ilr.fac2[6,1]  0.884  0.616  -0.758
ilr.fac2[6,2]  0.783 -3.865  -6.081
ilr.fac2[7,1]  0.346  1.013  -1.106
ilr.fac2[7,2]  0.188 -2.098  -3.501
ilr.fac2[8,1]  0.119  0.389  -0.722
ilr.fac2[8,2]  0.650 -1.208  -2.756
ilr.global[1] -2.629 -2.685   2.368
ilr.global[2] -6.714  0.315  11.025
loglik[1]      2.234  1.710   1.107
loglik[10]    -1.581 -1.570   0.397
loglik[11]    -1.612  3.504  -0.570
loglik[12]     0.905  1.695  -2.457
loglik[13]     0.960  2.041  -0.858
loglik[14]    -1.177  2.491   1.414
loglik[15]     1.458  0.658   0.194
loglik[16]    -1.724  0.624  -0.872
loglik[17]    -3.892  1.488  -0.311
loglik[18]    -2.750  1.939  -0.136
loglik[19]    -3.158  2.876   0.393
loglik[2]      0.396  2.167  -0.567
loglik[20]     0.013  1.579  -1.303
loglik[21]    -1.161 -3.089  -0.024
loglik[22]     0.288  1.460  -1.245
loglik[23]    -0.731  2.260  -0.396
loglik[24]    -3.057  0.486  -0.727
loglik[25]    -0.580  2.589  -0.145
loglik[26]    -0.659  3.201   0.783
loglik[27]    -1.633  0.571  -0.300
loglik[28]    -1.506  1.866  -0.777
loglik[3]     -1.042  2.307  -1.125
loglik[4]     -1.759  1.704  -0.625
loglik[5]      1.100 -0.847  -0.861
loglik[6]     -2.245 -0.450   0.636
loglik[7]     -2.824  0.580  -1.254
loglik[8]     -0.712  0.593  -1.939
loglik[9]     -0.316 -0.706  -1.957
p.fac1[1,1]   -4.980 -1.433  10.222
p.fac1[1,2]   -1.494  1.967   2.406
p.fac1[1,3]    4.307 -1.164 -10.176
p.fac1[2,1]   -4.966 -2.570   6.869
p.fac1[2,2]   -2.732  6.573   1.668
p.fac1[2,3]    5.835 -3.380  -9.247
p.fac1[3,1]   -7.439 -1.494   6.168
p.fac1[3,2]   -6.251  2.717   1.496
p.fac1[3,3]    8.603 -2.004  -5.551
p.global[1]   -4.980 -1.433  10.222
p.global[2]   -1.494  1.967   2.406
p.global[3]    4.307 -1.164 -10.176
resid.prop[1]  1.663 -1.674   1.644
resid.prop[2]  0.733  0.066  -0.824
