
################################################################
# Summary Statistics
################################################################

                           Mean    SD  2.5%   25%   50%   75%  97.5%
Epsilon.1                 3.623 1.935 1.057 2.269 3.203 4.517  8.726
Epsilon.2                 2.210 1.216 0.599 1.363 1.967 2.766  5.361
phy.group.SD              5.396 5.588 0.319 1.084 2.671 8.649 18.806
p.Autochthonous           0.724 0.207 0.209 0.614 0.785 0.881  0.976
p.Allochthonous           0.276 0.207 0.024 0.119 0.215 0.386  0.791
p.Autochthonous.>350um    0.971 0.039 0.872 0.951 0.989 1.000  1.000
p.Allochthonous.>350um    0.029 0.039 0.000 0.000 0.011 0.049  0.128
p.Autochthonous.cladocera 0.889 0.076 0.746 0.834 0.885 0.951  1.000
p.Allochthonous.cladocera 0.111 0.076 0.000 0.049 0.115 0.166  0.254
p.Autochthonous.copepoda  0.809 0.109 0.624 0.728 0.792 0.891  1.000
p.Allochthonous.copepoda  0.191 0.109 0.000 0.109 0.208 0.272  0.376
NULL
