
################################################################################
# Gelman-Rubin Diagnostic
################################################################################

Generally the Gelman diagnostic should be < 1.05


Out of 172 variables: 6 > 1.01

                      
0 > 1.05

                      
0 > 1.1


The worst variables are:

             Point est. Upper C.I.
p.fac1[8,1]    1.022907   1.040230
p.fac1[15,1]   1.020065   1.037395
p.fac1[4,1]    1.018989   1.037469
p.fac1[6,1]    1.016874   1.037576
p.fac1[24,1]   1.014264   1.026491
p.fac1[23,1]   1.012034   1.014542
p.fac1[27,1]   1.009795   1.013117
loglik[23]     1.009632   1.015251
deviance       1.009061   1.031456
loglik[22]     1.008379   1.018530


And here are the Gelman diagnostics for all variables:

               Point est. Upper C.I.
deviance        1.0090613  1.0314563
ilr.fac1[1,1]         NaN        NaN
ilr.fac1[2,1]   1.0032009  1.0109213
ilr.fac1[3,1]   1.0008610  1.0053747
ilr.fac1[4,1]   1.0011318  1.0064613
ilr.fac1[5,1]   1.0008729  1.0022404
ilr.fac1[6,1]   1.0005254  1.0044485
ilr.fac1[7,1]   1.0003926  1.0038590
ilr.fac1[8,1]   0.9998357  1.0010645
ilr.fac1[9,1]   1.0022312  1.0091130
ilr.fac1[10,1]  1.0021317  1.0079093
ilr.fac1[11,1]  1.0019477  1.0075665
ilr.fac1[12,1]  1.0025817  1.0062652
ilr.fac1[13,1]  1.0008362  1.0033940
ilr.fac1[14,1]  1.0031259  1.0134977
ilr.fac1[15,1]  0.9996303  1.0006543
ilr.fac1[16,1]  1.0008510  1.0052538
ilr.fac1[17,1]  1.0000910  1.0016166
ilr.fac1[18,1]  1.0001048  1.0017959
ilr.fac1[19,1]  0.9993516  1.0000102
ilr.fac1[20,1]  0.9999638  1.0003417
ilr.fac1[21,1]  1.0003650  1.0006008
ilr.fac1[22,1]  1.0012551  1.0067295
ilr.fac1[23,1]  1.0005896  1.0038748
ilr.fac1[24,1]  0.9997909  1.0016986
ilr.fac1[25,1]  1.0006675  1.0043834
ilr.fac1[26,1]  1.0018065  1.0057491
ilr.fac1[27,1]  1.0006765  1.0035586
ilr.fac1[28,1]  0.9992693  0.9999835
ilr.fac1[1,2]         NaN        NaN
ilr.fac1[2,2]   1.0000724  1.0025941
ilr.fac1[3,2]   1.0017012  1.0064157
ilr.fac1[4,2]   0.9998574  1.0013134
ilr.fac1[5,2]   1.0017917  1.0068987
ilr.fac1[6,2]   1.0008465  1.0042868
ilr.fac1[7,2]   0.9998006  1.0011369
ilr.fac1[8,2]   1.0000483  1.0001772
ilr.fac1[9,2]   0.9998395  1.0003300
ilr.fac1[10,2]  1.0002322  1.0023249
ilr.fac1[11,2]  1.0024823  1.0107785
ilr.fac1[12,2]  1.0014362  1.0048920
ilr.fac1[13,2]  1.0033972  1.0089686
ilr.fac1[14,2]  1.0015812  1.0019357
ilr.fac1[15,2]  0.9996754  1.0001324
ilr.fac1[16,2]  1.0008076  1.0033031
ilr.fac1[17,2]  1.0004340  1.0039194
ilr.fac1[18,2]  1.0002796  1.0016543
ilr.fac1[19,2]  1.0006509  1.0020622
ilr.fac1[20,2]  1.0005693  1.0031270
ilr.fac1[21,2]  1.0009516  1.0019986
ilr.fac1[22,2]  0.9995171  1.0000762
ilr.fac1[23,2]  0.9994658  0.9999952
ilr.fac1[24,2]  1.0064858  1.0248628
ilr.fac1[25,2]  0.9993432  0.9999987
ilr.fac1[26,2]  1.0008320  1.0027581
ilr.fac1[27,2]  1.0019765  1.0060321
ilr.fac1[28,2]  1.0014078  1.0054616
loglik[1]       1.0050381  1.0137594
loglik[2]       1.0033073  1.0081275
loglik[3]       1.0065437  1.0105590
loglik[4]       1.0056012  1.0057245
loglik[5]       1.0058925  1.0151360
loglik[6]       1.0014605  1.0015751
loglik[7]       1.0033775  1.0045602
loglik[8]       0.9998824  1.0001507
loglik[9]       0.9993077  1.0000451
loglik[10]      1.0011583  1.0058712
loglik[11]      1.0080213  1.0301920
loglik[12]      1.0021856  1.0083052
loglik[13]      1.0042911  1.0157041
loglik[14]      1.0009681  1.0031291
loglik[15]      1.0024127  1.0024505
loglik[16]      1.0007079  1.0039215
loglik[17]      1.0013174  1.0048245
loglik[18]      1.0037867  1.0161059
loglik[19]      1.0013636  1.0066863
loglik[20]      1.0032179  1.0042749
loglik[21]      1.0056649  1.0060581
loglik[22]      1.0083787  1.0185299
loglik[23]      1.0096322  1.0152509
loglik[24]      1.0057955  1.0138722
loglik[25]      1.0047280  1.0089187
loglik[26]      1.0063986  1.0222710
loglik[27]      1.0018750  1.0037945
loglik[28]      1.0072926  1.0123135
p.fac1[1,1]     1.0081293  1.0281392
p.fac1[2,1]     1.0057473  1.0161171
p.fac1[3,1]     1.0028584  1.0101932
p.fac1[4,1]     1.0189890  1.0374693
p.fac1[5,1]     1.0048283  1.0095177
p.fac1[6,1]     1.0168739  1.0375763
p.fac1[7,1]     0.9994513  0.9998011
p.fac1[8,1]     1.0229067  1.0402296
p.fac1[9,1]     1.0015924  1.0043769
p.fac1[10,1]    1.0062737  1.0197408
p.fac1[11,1]    1.0042976  1.0110129
p.fac1[12,1]    1.0069006  1.0160925
p.fac1[13,1]    1.0021328  1.0034059
p.fac1[14,1]    1.0004959  1.0014140
p.fac1[15,1]    1.0200652  1.0373947
p.fac1[16,1]    1.0028629  1.0033728
p.fac1[17,1]    1.0007723  1.0049818
p.fac1[18,1]    1.0061196  1.0217825
p.fac1[19,1]    1.0008060  1.0055078
p.fac1[20,1]    1.0041200  1.0135020
p.fac1[21,1]    1.0037158  1.0081495
p.fac1[22,1]    1.0051078  1.0124191
p.fac1[23,1]    1.0120336  1.0145420
p.fac1[24,1]    1.0142637  1.0264908
p.fac1[25,1]    1.0017866  1.0069987
p.fac1[26,1]    1.0074622  1.0213394
p.fac1[27,1]    1.0097948  1.0131172
p.fac1[28,1]    1.0001318  1.0015643
p.fac1[1,2]     0.9993945  1.0002833
p.fac1[2,2]     1.0017041  1.0026687
p.fac1[3,2]     1.0025311  1.0090679
p.fac1[4,2]     1.0000969  1.0023713
p.fac1[5,2]     1.0001018  1.0009934
p.fac1[6,2]     1.0005871  1.0024163
p.fac1[7,2]     0.9993959  1.0001595
p.fac1[8,2]     1.0006229  1.0036961
p.fac1[9,2]     0.9995461  1.0009501
p.fac1[10,2]    1.0006235  1.0008313
p.fac1[11,2]    1.0051720  1.0199906
p.fac1[12,2]    1.0017831  1.0081696
p.fac1[13,2]    1.0031657  1.0084937
p.fac1[14,2]    1.0005118  1.0040346
p.fac1[15,2]    0.9990585  0.9990834
p.fac1[16,2]    1.0007708  1.0044507
p.fac1[17,2]    1.0002290  1.0024278
p.fac1[18,2]    0.9992797  0.9993241
p.fac1[19,2]    1.0002031  1.0022641
p.fac1[20,2]    1.0009071  1.0031721
p.fac1[21,2]    0.9992712  0.9999961
p.fac1[22,2]    1.0012599  1.0032525
p.fac1[23,2]    1.0036390  1.0082805
p.fac1[24,2]    1.0056497  1.0138954
p.fac1[25,2]    1.0018072  1.0079085
p.fac1[26,2]    1.0067302  1.0149064
p.fac1[27,2]    1.0002012  1.0016461
p.fac1[28,2]    1.0008006  1.0008432
p.fac1[1,3]     1.0056362  1.0197226
p.fac1[2,3]     1.0019182  1.0051026
p.fac1[3,3]     1.0020041  1.0086382
p.fac1[4,3]     1.0043163  1.0149351
p.fac1[5,3]     1.0015924  1.0031367
p.fac1[6,3]     1.0016785  1.0072752
p.fac1[7,3]     0.9993333  0.9997180
p.fac1[8,3]     1.0016217  1.0064802
p.fac1[9,3]     1.0002708  1.0035510
p.fac1[10,3]    1.0052470  1.0178558
p.fac1[11,3]    1.0054356  1.0214286
p.fac1[12,3]    1.0040497  1.0169608
p.fac1[13,3]    1.0027224  1.0073553
p.fac1[14,3]    1.0016817  1.0057799
p.fac1[15,3]    1.0041971  1.0113392
p.fac1[16,3]    1.0010889  1.0049223
p.fac1[17,3]    1.0001107  1.0015657
p.fac1[18,3]    1.0033632  1.0134152
p.fac1[19,3]    1.0005706  1.0044715
p.fac1[20,3]    1.0030258  1.0111133
p.fac1[21,3]    1.0030416  1.0074949
p.fac1[22,3]    1.0026499  1.0088961
p.fac1[23,3]    1.0077715  1.0126651
p.fac1[24,3]    1.0026126  1.0081702
p.fac1[25,3]    1.0014766  1.0078205
p.fac1[26,3]    1.0035805  1.0110485
p.fac1[27,3]    0.9992868  0.9994732
p.fac1[28,3]    1.0002478  1.0009034
p.global[1]     1.0081293  1.0281392
p.global[2]     0.9993945  1.0002833
p.global[3]     1.0056362  1.0197226

################################################################################
# Geweke Diagnostic
################################################################################

The Geweke diagnostic is a standard z-score, so we'd expect 5% to be outside +/-1.96
Number of variables outside +/-1.96 in each chain (out of 
172
):


       Chain 1 Chain 2 Chain 3
Geweke       4      18       6


And here are the Geweke diagnostics for all variables:

               chain1 chain2 chain3
deviance       -0.010  0.999  0.056
ilr.fac1[2,1]   0.687  0.573 -0.252
ilr.fac1[3,1]   0.408 -0.615  0.892
ilr.fac1[4,1]  -0.190  0.663 -0.367
ilr.fac1[5,1]   0.154  2.134  1.551
ilr.fac1[6,1]   0.457  1.194 -0.739
ilr.fac1[7,1]   0.774 -0.781 -0.699
ilr.fac1[8,1]  -1.711  0.243  0.894
ilr.fac1[9,1]   1.083  1.926  0.963
ilr.fac1[10,1]  0.954 -0.455  0.492
ilr.fac1[11,1] -0.676  0.141 -1.337
ilr.fac1[12,1]  0.041 -0.431  0.408
ilr.fac1[13,1] -0.460  0.425 -1.275
ilr.fac1[14,1] -0.156  1.343 -2.087
ilr.fac1[15,1] -0.254 -1.777  0.292
ilr.fac1[16,1] -0.494  1.621 -1.032
ilr.fac1[17,1]  0.135 -0.282 -0.415
ilr.fac1[18,1]  1.118 -0.458 -0.229
ilr.fac1[19,1] -0.303 -1.448  0.807
ilr.fac1[20,1]  0.026 -0.949 -0.813
ilr.fac1[21,1]  0.702 -1.119 -0.443
ilr.fac1[22,1]  1.288  0.999  0.616
ilr.fac1[23,1]  0.413 -1.262 -0.033
ilr.fac1[24,1]  0.709 -0.369 -1.052
ilr.fac1[25,1] -0.252 -0.559  0.318
ilr.fac1[26,1]  0.592 -0.892  0.483
ilr.fac1[27,1]  0.245  0.209 -0.828
ilr.fac1[28,1] -1.315  0.602  0.718
ilr.fac1[2,2]   0.507 -0.116 -1.214
ilr.fac1[3,2]  -0.089  0.544 -0.018
ilr.fac1[4,2]   1.187  1.735  0.100
ilr.fac1[5,2]  -1.383 -0.551 -0.293
ilr.fac1[6,2]  -1.074  1.352  0.712
ilr.fac1[7,2]   0.298  0.829  0.026
ilr.fac1[8,2]  -1.251  0.502 -1.405
ilr.fac1[9,2]  -1.115  1.627 -0.573
ilr.fac1[10,2] -0.765 -0.257 -0.613
ilr.fac1[11,2] -0.198 -0.776  0.237
ilr.fac1[12,2] -0.787  0.390  2.228
ilr.fac1[13,2] -0.594  1.352 -0.142
ilr.fac1[14,2] -0.373  0.230 -0.519
ilr.fac1[15,2]  0.082 -0.708 -0.572
ilr.fac1[16,2] -0.412  1.391  0.902
ilr.fac1[17,2] -0.602  0.821 -0.562
ilr.fac1[18,2] -1.353  1.263  0.473
ilr.fac1[19,2] -0.442 -1.239  0.633
ilr.fac1[20,2] -0.551  2.342 -0.329
ilr.fac1[21,2]  1.967  0.545  0.102
ilr.fac1[22,2] -0.120  0.889  0.155
ilr.fac1[23,2]  0.020  0.516 -1.121
ilr.fac1[24,2]  0.861  1.189 -1.993
ilr.fac1[25,2]  1.032  0.318 -1.561
ilr.fac1[26,2] -0.045 -1.165 -1.170
ilr.fac1[27,2] -0.598 -0.385 -1.007
ilr.fac1[28,2] -1.277  1.454  0.537
loglik[1]      -1.116  1.350  0.014
loglik[2]      -0.066  0.126 -0.229
loglik[3]       1.279  0.082 -1.575
loglik[4]      -1.168  1.059 -0.405
loglik[5]       0.528  0.658 -1.263
loglik[6]      -1.967  0.382 -0.191
loglik[7]      -0.366  1.707  0.693
loglik[8]       0.427  0.257 -0.927
loglik[9]      -1.712 -0.669 -0.807
loglik[10]      1.596 -1.305  0.287
loglik[11]      1.725 -0.653  1.849
loglik[12]      0.490  0.199  0.723
loglik[13]      0.902  0.032  0.952
loglik[14]      0.603 -0.723 -0.714
loglik[15]      0.741  1.324  0.631
loglik[16]      0.148  0.445  1.831
loglik[17]      0.124 -0.380 -2.141
loglik[18]     -0.042 -0.145  0.894
loglik[19]     -0.845 -2.508  0.346
loglik[20]      1.073 -2.323  0.078
loglik[21]      0.576 -0.626 -0.229
loglik[22]      1.341  0.276 -1.565
loglik[23]      0.316  0.348 -0.674
loglik[24]     -0.304 -0.515  0.362
loglik[25]      1.475 -0.486 -0.332
loglik[26]      0.265 -3.467  0.608
loglik[27]      1.157  1.221  1.441
loglik[28]     -0.032  0.579 -0.789
p.fac1[1,1]     1.172 -1.739  0.561
p.fac1[2,1]     1.318 -1.706 -0.471
p.fac1[3,1]     0.206 -2.007  0.874
p.fac1[4,1]     1.880 -1.333  0.319
p.fac1[5,1]    -0.567 -3.217  1.330
p.fac1[6,1]     0.739 -1.495  0.867
p.fac1[7,1]     1.474 -1.824 -0.509
p.fac1[8,1]    -0.830 -2.282 -0.417
p.fac1[9,1]     0.318 -0.658  0.947
p.fac1[10,1]    0.148 -1.558 -0.012
p.fac1[11,1]    0.233 -1.298  0.898
p.fac1[12,1]    0.772 -3.068  1.481
p.fac1[13,1]   -0.164 -0.498  0.247
p.fac1[14,1]    0.929 -0.417 -0.127
p.fac1[15,1]    0.919 -2.751  0.043
p.fac1[16,1]    1.033  0.279  0.503
p.fac1[17,1]    0.883 -1.050 -0.040
p.fac1[18,1]    0.572 -0.812  0.490
p.fac1[19,1]    0.130 -2.033  0.744
p.fac1[20,1]    0.431 -0.179 -0.010
p.fac1[21,1]    1.687 -0.957 -0.690
p.fac1[22,1]    0.409 -0.546  1.876
p.fac1[23,1]   -0.509 -1.066  0.040
p.fac1[24,1]    0.816 -0.789 -1.440
p.fac1[25,1]    0.953 -2.946 -0.893
p.fac1[26,1]    0.831 -2.611 -0.188
p.fac1[27,1]    0.376 -2.147 -0.551
p.fac1[28,1]   -0.955 -0.328  1.118
p.fac1[1,2]     1.132 -0.556 -0.100
p.fac1[2,2]     0.278 -0.994 -0.954
p.fac1[3,2]    -0.377  0.494 -0.711
p.fac1[4,2]     1.576  0.027 -0.243
p.fac1[5,2]    -0.478 -0.904 -0.954
p.fac1[6,2]    -1.088  0.466  0.142
p.fac1[7,2]    -0.546  1.001  1.154
p.fac1[8,2]     0.695  0.908 -0.843
p.fac1[9,2]    -1.127 -0.476 -1.446
p.fac1[10,2]   -0.333  0.193 -0.804
p.fac1[11,2]    1.000 -0.482 -0.116
p.fac1[12,2]   -0.123  0.797  1.746
p.fac1[13,2]    0.258  0.445  0.251
p.fac1[14,2]   -0.883 -1.393  0.294
p.fac1[15,2]    0.003  0.089 -1.216
p.fac1[16,2]    0.236  0.179  1.354
p.fac1[17,2]   -0.648  0.425 -0.045
p.fac1[18,2]   -1.742  1.083  0.501
p.fac1[19,2]   -0.014  0.008 -0.198
p.fac1[20,2]   -0.023  2.572  0.205
p.fac1[21,2]    1.892  0.938  0.648
p.fac1[22,2]   -0.908 -0.752 -0.315
p.fac1[23,2]    0.516  0.687 -0.578
p.fac1[24,2]    0.818  1.234 -1.150
p.fac1[25,2]    1.713  0.467 -1.558
p.fac1[26,2]    0.359 -0.645 -2.099
p.fac1[27,2]   -1.322 -0.024 -1.591
p.fac1[28,2]    0.893 -0.630 -0.269
p.fac1[1,3]    -1.814  1.441 -0.427
p.fac1[2,3]    -1.098  1.840  1.072
p.fac1[3,3]     0.135  0.805 -0.154
p.fac1[4,3]    -2.235  0.833  0.038
p.fac1[5,3]     0.668  2.208  0.125
p.fac1[6,3]     0.825 -0.085 -0.418
p.fac1[7,3]    -0.164 -0.027 -0.977
p.fac1[8,3]    -0.247  0.799  0.985
p.fac1[9,3]     0.769  0.820  0.895
p.fac1[10,3]   -0.018  1.731  0.248
p.fac1[11,3]   -0.797  1.194 -0.588
p.fac1[12,3]   -0.265  0.297 -2.043
p.fac1[13,3]   -0.148 -0.071 -0.415
p.fac1[14,3]   -0.107  1.178 -0.194
p.fac1[15,3]   -0.669  1.566  0.910
p.fac1[16,3]   -0.798 -0.296 -1.245
p.fac1[17,3]   -0.242  0.661  0.069
p.fac1[18,3]    0.219  0.232 -0.704
p.fac1[19,3]   -0.150  2.227 -0.581
p.fac1[20,3]   -0.462 -1.396 -0.103
p.fac1[21,3]   -2.228  0.431  0.313
p.fac1[22,3]    0.232  0.857 -1.111
p.fac1[23,3]   -0.089  0.328  0.320
p.fac1[24,3]   -1.103 -0.352  1.624
p.fac1[25,3]   -1.697  1.471  1.817
p.fac1[26,3]   -0.920  2.616  0.811
p.fac1[27,3]    0.474  1.472  1.231
p.fac1[28,3]   -0.205  0.512 -0.543
p.global[1]     1.172 -1.739  0.561
p.global[2]     1.132 -0.556 -0.100
p.global[3]    -1.814  1.441 -0.427
