
################################################################################
# Gelman-Rubin Diagnostic
################################################################################

Generally the Gelman diagnostic should be < 1.05


Out of 172 variables: 1 > 1.01

                      
0 > 1.05

                      
0 > 1.1


The worst variables are:

               Point est. Upper C.I.
loglik[14]       1.012294   1.031219
loglik[1]        1.007177   1.010973
p.fac1[13,2]     1.005295   1.016357
ilr.fac1[15,2]   1.005074   1.015213
p.fac1[20,2]     1.004933   1.013717
p.fac1[12,1]     1.004701   1.014487
p.fac1[13,1]     1.004632   1.018808
p.fac1[24,1]     1.004484   1.015337
p.fac1[22,2]     1.004229   1.012090
p.fac1[10,2]     1.004183   1.012861


And here are the Gelman diagnostics for all variables:

               Point est. Upper C.I.
deviance        1.0028073  1.0116351
ilr.fac1[1,1]         NaN        NaN
ilr.fac1[2,1]   0.9999484  1.0019901
ilr.fac1[3,1]   1.0004023  1.0015438
ilr.fac1[4,1]   0.9997200  0.9999570
ilr.fac1[5,1]   1.0015961  1.0033090
ilr.fac1[6,1]   1.0018349  1.0055702
ilr.fac1[7,1]   0.9991122  0.9993987
ilr.fac1[8,1]   0.9998904  1.0004415
ilr.fac1[9,1]   1.0008612  1.0031901
ilr.fac1[10,1]  1.0018843  1.0054057
ilr.fac1[11,1]  1.0003349  1.0014515
ilr.fac1[12,1]  1.0006004  1.0009943
ilr.fac1[13,1]  1.0006785  1.0023908
ilr.fac1[14,1]  0.9997538  1.0004115
ilr.fac1[15,1]  1.0012673  1.0060014
ilr.fac1[16,1]  1.0026172  1.0079352
ilr.fac1[17,1]  1.0002215  1.0029731
ilr.fac1[18,1]  1.0009774  1.0026760
ilr.fac1[19,1]  0.9993638  1.0001595
ilr.fac1[20,1]  0.9994555  1.0004387
ilr.fac1[21,1]  0.9995294  1.0002547
ilr.fac1[22,1]  1.0005866  1.0027676
ilr.fac1[23,1]  1.0007113  1.0022034
ilr.fac1[24,1]  1.0006568  1.0035644
ilr.fac1[25,1]  1.0004776  1.0018160
ilr.fac1[26,1]  1.0014292  1.0060711
ilr.fac1[27,1]  1.0010850  1.0060423
ilr.fac1[28,1]  1.0022264  1.0084044
ilr.fac1[1,2]         NaN        NaN
ilr.fac1[2,2]   1.0006637  1.0042866
ilr.fac1[3,2]   1.0002491  1.0032415
ilr.fac1[4,2]   1.0005451  1.0045211
ilr.fac1[5,2]   1.0023517  1.0031250
ilr.fac1[6,2]   1.0031597  1.0139550
ilr.fac1[7,2]   1.0022733  1.0106650
ilr.fac1[8,2]   1.0005671  1.0024279
ilr.fac1[9,2]   0.9997957  1.0007079
ilr.fac1[10,2]  1.0007465  1.0010685
ilr.fac1[11,2]  1.0002703  1.0009549
ilr.fac1[12,2]  1.0022858  1.0036741
ilr.fac1[13,2]  1.0029847  1.0046969
ilr.fac1[14,2]  1.0014136  1.0074485
ilr.fac1[15,2]  1.0050740  1.0152127
ilr.fac1[16,2]  1.0009481  1.0023692
ilr.fac1[17,2]  1.0000257  1.0002404
ilr.fac1[18,2]  1.0006069  1.0045234
ilr.fac1[19,2]  1.0006843  1.0047571
ilr.fac1[20,2]  1.0030536  1.0111603
ilr.fac1[21,2]  0.9995726  0.9999798
ilr.fac1[22,2]  1.0020972  1.0097852
ilr.fac1[23,2]  0.9993616  1.0002401
ilr.fac1[24,2]  0.9995295  1.0003160
ilr.fac1[25,2]  1.0012945  1.0072640
ilr.fac1[26,2]  1.0009313  1.0027408
ilr.fac1[27,2]  1.0002457  1.0005570
ilr.fac1[28,2]  1.0007615  1.0009625
loglik[1]       1.0071773  1.0109727
loglik[2]       1.0002568  1.0014047
loglik[3]       0.9992612  0.9998889
loglik[4]       1.0011312  1.0065367
loglik[5]       1.0005577  1.0026785
loglik[6]       1.0026545  1.0106982
loglik[7]       1.0024071  1.0040385
loglik[8]       1.0010309  1.0019115
loglik[9]       0.9994932  1.0001431
loglik[10]      0.9998568  1.0007785
loglik[11]      1.0023067  1.0044445
loglik[12]      1.0010585  1.0048611
loglik[13]      1.0015902  1.0070440
loglik[14]      1.0122942  1.0312192
loglik[15]      1.0036535  1.0100323
loglik[16]      0.9997883  1.0015576
loglik[17]      0.9992188  0.9997633
loglik[18]      1.0002340  1.0024073
loglik[19]      1.0005706  1.0020424
loglik[20]      1.0040136  1.0147626
loglik[21]      1.0011449  1.0033202
loglik[22]      1.0031901  1.0035578
loglik[23]      1.0004104  1.0037367
loglik[24]      0.9997138  1.0007769
loglik[25]      1.0040725  1.0069786
loglik[26]      1.0028759  1.0029494
loglik[27]      0.9996308  0.9997227
loglik[28]      1.0020191  1.0033403
p.fac1[1,1]     1.0017852  1.0069979
p.fac1[2,1]     1.0003389  1.0021165
p.fac1[3,1]     0.9996500  1.0000369
p.fac1[4,1]     1.0003766  1.0035088
p.fac1[5,1]     0.9993279  0.9993391
p.fac1[6,1]     1.0031227  1.0107791
p.fac1[7,1]     1.0032776  1.0114754
p.fac1[8,1]     1.0009397  1.0022256
p.fac1[9,1]     1.0041748  1.0156852
p.fac1[10,1]    1.0020632  1.0073430
p.fac1[11,1]    0.9995723  1.0000179
p.fac1[12,1]    1.0047007  1.0144869
p.fac1[13,1]    1.0046325  1.0188077
p.fac1[14,1]    1.0018986  1.0034518
p.fac1[15,1]    1.0028249  1.0119063
p.fac1[16,1]    1.0010209  1.0059562
p.fac1[17,1]    1.0035978  1.0152002
p.fac1[18,1]    1.0005526  1.0013856
p.fac1[19,1]    1.0032725  1.0133211
p.fac1[20,1]    0.9997246  1.0010139
p.fac1[21,1]    1.0020360  1.0058347
p.fac1[22,1]    0.9993828  0.9998922
p.fac1[23,1]    0.9999579  1.0017545
p.fac1[24,1]    1.0044837  1.0153369
p.fac1[25,1]    1.0004234  1.0028429
p.fac1[26,1]    0.9997327  1.0012901
p.fac1[27,1]    1.0039942  1.0094745
p.fac1[28,1]    1.0004535  1.0038579
p.fac1[1,2]     1.0030565  1.0104156
p.fac1[2,2]     1.0004315  1.0031800
p.fac1[3,2]     0.9992588  0.9997149
p.fac1[4,2]     0.9996896  1.0000148
p.fac1[5,2]     1.0004929  1.0012664
p.fac1[6,2]     1.0020646  1.0073346
p.fac1[7,2]     1.0026880  1.0035122
p.fac1[8,2]     1.0006923  1.0030583
p.fac1[9,2]     1.0016088  1.0083843
p.fac1[10,2]    1.0041830  1.0128606
p.fac1[11,2]    0.9994000  0.9997380
p.fac1[12,2]    1.0009000  1.0016327
p.fac1[13,2]    1.0052947  1.0163571
p.fac1[14,2]    0.9993407  1.0000530
p.fac1[15,2]    1.0010260  1.0061826
p.fac1[16,2]    1.0020203  1.0085759
p.fac1[17,2]    1.0019798  1.0092787
p.fac1[18,2]    1.0005821  1.0021831
p.fac1[19,2]    1.0015939  1.0078010
p.fac1[20,2]    1.0049326  1.0137171
p.fac1[21,2]    1.0013059  1.0052916
p.fac1[22,2]    1.0042288  1.0120904
p.fac1[23,2]    1.0023372  1.0070015
p.fac1[24,2]    1.0008761  1.0056832
p.fac1[25,2]    1.0014584  1.0058485
p.fac1[26,2]    1.0001262  1.0028475
p.fac1[27,2]    1.0017810  1.0067271
p.fac1[28,2]    0.9998687  1.0012370
p.fac1[1,3]     1.0010261  1.0028539
p.fac1[2,3]     0.9999480  1.0019503
p.fac1[3,3]     0.9991269  0.9994003
p.fac1[4,3]     0.9997913  1.0016117
p.fac1[5,3]     0.9995292  0.9999715
p.fac1[6,3]     1.0037459  1.0152674
p.fac1[7,3]     1.0015831  1.0056651
p.fac1[8,3]     1.0000879  1.0015718
p.fac1[9,3]     1.0001016  1.0009572
p.fac1[10,3]    1.0003390  1.0021490
p.fac1[11,3]    1.0000194  1.0003444
p.fac1[12,3]    1.0040348  1.0103581
p.fac1[13,3]    1.0020978  1.0031008
p.fac1[14,3]    1.0001250  1.0021967
p.fac1[15,3]    1.0005564  1.0041247
p.fac1[16,3]    1.0006416  1.0038154
p.fac1[17,3]    0.9991142  0.9991539
p.fac1[18,3]    1.0021071  1.0091215
p.fac1[19,3]    1.0018077  1.0083774
p.fac1[20,3]    1.0024031  1.0106343
p.fac1[21,3]    0.9995681  0.9995711
p.fac1[22,3]    1.0020487  1.0093160
p.fac1[23,3]    0.9999152  1.0009788
p.fac1[24,3]    0.9997248  0.9999314
p.fac1[25,3]    1.0018325  1.0082848
p.fac1[26,3]    1.0003338  1.0018080
p.fac1[27,3]    0.9993180  0.9995801
p.fac1[28,3]    0.9995037  1.0001689
p.global[1]     1.0017852  1.0069979
p.global[2]     1.0030565  1.0104156
p.global[3]     1.0010261  1.0028539

################################################################################
# Geweke Diagnostic
################################################################################

The Geweke diagnostic is a standard z-score, so we'd expect 5% to be outside +/-1.96
Number of variables outside +/-1.96 in each chain (out of 
172
):


       Chain 1 Chain 2 Chain 3
Geweke      15       3      11


And here are the Geweke diagnostics for all variables:

               chain1 chain2 chain3
deviance        1.344 -0.769  1.554
ilr.fac1[2,1]   0.232  0.865  1.115
ilr.fac1[3,1]  -0.293 -1.711 -0.570
ilr.fac1[4,1]  -0.007  2.741  0.362
ilr.fac1[5,1]   0.070  1.638  0.121
ilr.fac1[6,1]  -0.553 -0.223 -0.116
ilr.fac1[7,1]  -1.029  0.301 -0.237
ilr.fac1[8,1]   0.845 -0.316  0.366
ilr.fac1[9,1]  -1.102  0.935 -0.109
ilr.fac1[10,1] -2.457  0.293 -0.972
ilr.fac1[11,1]  0.687 -0.774  0.309
ilr.fac1[12,1]  0.401 -0.464  1.264
ilr.fac1[13,1] -0.498  1.483  0.073
ilr.fac1[14,1]  0.803  0.575 -0.300
ilr.fac1[15,1] -0.297 -0.038 -0.386
ilr.fac1[16,1]  0.221 -0.688  0.570
ilr.fac1[17,1] -1.454 -0.197 -0.700
ilr.fac1[18,1]  1.459  0.202 -0.783
ilr.fac1[19,1] -0.942  0.806  0.317
ilr.fac1[20,1] -0.564  0.405 -1.216
ilr.fac1[21,1] -1.015  1.331  0.360
ilr.fac1[22,1] -3.473  0.996  1.286
ilr.fac1[23,1] -0.566  0.010 -0.230
ilr.fac1[24,1] -1.176 -0.363 -1.357
ilr.fac1[25,1] -0.373  0.299 -0.763
ilr.fac1[26,1] -1.444  2.542 -2.056
ilr.fac1[27,1] -4.153  0.261 -1.416
ilr.fac1[28,1]  0.194  1.859 -0.750
ilr.fac1[2,2]  -0.138  0.420  0.081
ilr.fac1[3,2]  -0.053  0.635  1.739
ilr.fac1[4,2]   0.272 -1.200  0.168
ilr.fac1[5,2]   1.986  0.510  1.123
ilr.fac1[6,2]   0.996 -0.726  0.083
ilr.fac1[7,2]  -1.882  0.569  1.772
ilr.fac1[8,2]  -0.833  1.172  0.053
ilr.fac1[9,2]   1.019 -0.520 -0.333
ilr.fac1[10,2]  1.655  0.571 -1.342
ilr.fac1[11,2] -0.280  1.529  0.078
ilr.fac1[12,2]  1.126  1.223 -0.869
ilr.fac1[13,2]  1.124 -0.171  2.787
ilr.fac1[14,2] -1.023  0.788 -0.119
ilr.fac1[15,2] -0.514  0.407  0.526
ilr.fac1[16,2] -2.020 -0.201 -0.890
ilr.fac1[17,2] -0.266  0.296  0.331
ilr.fac1[18,2] -1.936  0.514 -0.137
ilr.fac1[19,2] -1.229 -0.443 -0.524
ilr.fac1[20,2]  0.659 -0.702 -0.857
ilr.fac1[21,2] -0.517 -0.421 -0.366
ilr.fac1[22,2]  5.077 -0.177  0.168
ilr.fac1[23,2]  2.645 -0.097  0.427
ilr.fac1[24,2]  0.326  1.102  1.961
ilr.fac1[25,2] -0.744 -0.123  1.503
ilr.fac1[26,2]  0.757 -0.447  1.623
ilr.fac1[27,2]  0.679 -0.276 -0.076
ilr.fac1[28,2] -1.435  0.037 -0.131
loglik[1]      -0.504  0.586  0.516
loglik[2]       0.025 -0.771 -0.673
loglik[3]      -0.736  1.232 -1.414
loglik[4]      -0.410 -0.205  0.338
loglik[5]      -2.791  0.162 -0.840
loglik[6]      -0.061  0.551 -0.098
loglik[7]       1.086  0.340 -0.875
loglik[8]      -0.389  0.119 -1.702
loglik[9]      -0.428 -0.577  0.116
loglik[10]      0.218  1.701 -0.929
loglik[11]     -1.480 -0.268 -1.867
loglik[12]     -0.720  0.968 -1.762
loglik[13]     -1.401  0.826 -0.596
loglik[14]     -0.940  1.088  0.305
loglik[15]      0.498 -0.353 -0.403
loglik[16]     -0.565  0.274 -1.660
loglik[17]      0.639  0.905  0.406
loglik[18]      0.062  1.324  0.289
loglik[19]     -0.579 -0.120  0.208
loglik[20]     -0.894  0.248  1.231
loglik[21]      0.664  0.306 -0.678
loglik[22]      0.004  0.069 -0.312
loglik[23]      1.481 -0.894  0.199
loglik[24]     -0.207  0.585 -2.508
loglik[25]     -1.184 -1.022 -0.705
loglik[26]      1.065 -1.275  0.431
loglik[27]     -0.729  1.222  0.395
loglik[28]      0.528 -0.218 -2.074
p.fac1[1,1]     0.534 -1.074  0.400
p.fac1[2,1]     0.427  0.096  1.076
p.fac1[3,1]     0.140 -1.286  1.692
p.fac1[4,1]     0.138  0.979 -0.700
p.fac1[5,1]     2.243  0.377  1.651
p.fac1[6,1]     0.276 -0.282  0.459
p.fac1[7,1]    -2.335  0.074  1.264
p.fac1[8,1]     1.204 -0.595  1.236
p.fac1[9,1]    -0.258 -0.026  0.335
p.fac1[10,1]   -0.512  0.046 -1.344
p.fac1[11,1]    1.060 -0.470  1.144
p.fac1[12,1]    1.029 -0.758  1.600
p.fac1[13,1]    0.713  0.692  1.626
p.fac1[14,1]    1.269  0.405  0.389
p.fac1[15,1]   -0.314 -0.163  0.562
p.fac1[16,1]    0.114 -1.202  0.303
p.fac1[17,1]   -1.327 -0.529  1.056
p.fac1[18,1]    0.791 -0.706 -0.538
p.fac1[19,1]   -0.230 -0.518  1.310
p.fac1[20,1]    0.376 -0.430 -1.103
p.fac1[21,1]   -1.435  0.181  0.187
p.fac1[22,1]    0.334  0.006  1.689
p.fac1[23,1]    1.247 -0.703  0.302
p.fac1[24,1]    0.255 -0.134  2.130
p.fac1[25,1]   -0.468 -0.753  1.714
p.fac1[26,1]    0.717 -0.017  0.446
p.fac1[27,1]   -1.182 -0.123 -1.144
p.fac1[28,1]   -0.496  0.968 -0.577
p.fac1[1,2]    -1.012  1.006 -1.506
p.fac1[2,2]    -0.884  0.128 -1.297
p.fac1[3,2]    -0.281  1.969  0.440
p.fac1[4,2]    -1.589 -0.898 -0.398
p.fac1[5,2]     1.072  0.750  0.385
p.fac1[6,2]     0.115  0.042 -0.302
p.fac1[7,2]    -0.558  0.931 -0.343
p.fac1[8,2]    -1.030  1.181 -0.882
p.fac1[9,2]     0.724 -0.245 -0.741
p.fac1[10,2]    1.159  0.472 -0.727
p.fac1[11,2]   -0.678  1.511 -1.135
p.fac1[12,2]   -0.402  1.101 -2.184
p.fac1[13,2]   -0.160 -0.084 -0.548
p.fac1[14,2]   -1.614  0.431 -0.550
p.fac1[15,2]   -0.798  0.454 -0.640
p.fac1[16,2]   -0.577  0.798 -1.485
p.fac1[17,2]    0.637  0.555 -1.284
p.fac1[18,2]   -2.174  1.260  0.308
p.fac1[19,2]   -0.926  0.850 -1.458
p.fac1[20,2]   -1.869 -0.218 -2.070
p.fac1[21,2]    0.198 -0.421 -0.540
p.fac1[22,2]    1.771  0.215 -1.248
p.fac1[23,2]    0.811  0.601 -1.269
p.fac1[24,2]   -0.127  1.901  0.005
p.fac1[25,2]   -0.856  0.691 -0.723
p.fac1[26,2]   -0.207  0.036  0.074
p.fac1[27,2]    0.386  0.509  0.231
p.fac1[28,2]   -1.189 -0.088 -0.198
p.fac1[1,3]     0.504 -0.388  1.041
p.fac1[2,3]     0.575 -0.182  0.266
p.fac1[3,3]     0.109 -0.995 -1.347
p.fac1[4,3]     1.032  0.098  0.680
p.fac1[5,3]    -2.148 -0.600 -1.059
p.fac1[6,3]    -0.267  0.363 -0.037
p.fac1[7,3]     1.772 -0.817 -0.516
p.fac1[8,3]     0.711 -1.090  0.036
p.fac1[9,3]    -0.946  0.358  0.911
p.fac1[10,3]   -0.702 -0.668  2.354
p.fac1[11,3]   -0.263 -1.768  0.332
p.fac1[12,3]   -0.630 -0.961  1.244
p.fac1[13,3]   -0.472 -0.537 -1.143
p.fac1[14,3]    1.810 -1.136  0.490
p.fac1[15,3]    1.678 -0.319  0.261
p.fac1[16,3]    1.237 -0.293  2.170
p.fac1[17,3]    0.865 -0.424  0.609
p.fac1[18,3]    0.697 -0.973  0.364
p.fac1[19,3]    1.278 -0.355  0.116
p.fac1[20,3]    1.060  0.350  2.194
p.fac1[21,3]    0.801  0.218  0.280
p.fac1[22,3]   -2.206 -0.218 -0.407
p.fac1[23,3]   -2.392 -0.331  1.062
p.fac1[24,3]    0.002 -1.637 -1.692
p.fac1[25,3]    1.328  0.151 -1.180
p.fac1[26,3]   -0.684 -0.027 -0.671
p.fac1[27,3]    0.550 -0.354  0.429
p.fac1[28,3]    2.206 -0.958  0.823
p.global[1]     0.534 -1.074  0.400
p.global[2]    -1.012  1.006 -1.506
p.global[3]     0.504 -0.388  1.041
