
#################################################################
# Summary Statistics
#################################################################

DIC = 346.7025

                         Mean    SD  2.5%    5%   25%   50%   75%   95% 97.5%
p.SNL-ZOOP-01A.Algae    0.196 0.048 0.114 0.125 0.161 0.193 0.226 0.281 0.304
p.SNL-ZOOP-02A.Algae    0.106 0.067 0.013 0.019 0.054 0.095 0.147 0.230 0.264
p.SNL-ZOOP-03A.Algae    0.054 0.039 0.007 0.009 0.025 0.044 0.073 0.129 0.152
p.SNL-ZOOP-04A.Algae    0.047 0.035 0.006 0.008 0.021 0.038 0.065 0.113 0.134
p.SNL-ZOOP-05A.Algae    0.032 0.025 0.004 0.005 0.014 0.025 0.044 0.082 0.098
p.SNL-ZOOP-06A.Algae    0.062 0.046 0.007 0.010 0.028 0.052 0.084 0.154 0.178
p.SNL-ZOOP-07A.Algae    0.060 0.044 0.007 0.010 0.028 0.050 0.082 0.150 0.174
p.SNL-ZOOP-08A.Algae    0.344 0.143 0.083 0.118 0.244 0.339 0.444 0.581 0.632
p.SNL-ZOOP-09A.Algae    0.229 0.113 0.039 0.057 0.140 0.224 0.309 0.420 0.458
p.SNL-ZOOP-10A.Algae    0.287 0.119 0.065 0.092 0.205 0.284 0.366 0.482 0.526
p.SNL-ZOOP-11A.Algae    0.467 0.138 0.204 0.244 0.372 0.465 0.560 0.696 0.738
p.SNL-ZOOP-13A.Algae    0.304 0.141 0.058 0.083 0.200 0.298 0.400 0.549 0.596
p.SNL-ZOOP-14A.Algae    0.260 0.119 0.050 0.072 0.172 0.252 0.343 0.463 0.503
p.SNL-ZOOP-15A.Algae    0.322 0.138 0.080 0.106 0.218 0.319 0.417 0.552 0.606
p.SNL-ZOOP-16A.Algae    0.301 0.128 0.062 0.095 0.213 0.300 0.387 0.510 0.555
p.SNL-ZOOP-17A.Algae    0.240 0.122 0.041 0.061 0.145 0.229 0.320 0.459 0.498
p.SNL-ZOOP-18A.Algae    0.564 0.135 0.292 0.339 0.473 0.570 0.655 0.780 0.821
p.SNL-ZOOP-19A.Algae    0.671 0.114 0.447 0.483 0.591 0.675 0.752 0.854 0.882
p.SNL-ZOOP-20A.Algae    0.813 0.083 0.633 0.663 0.760 0.820 0.874 0.936 0.948
p.SNL-ZOOP-GFF47.Algae  0.048 0.036 0.006 0.008 0.021 0.039 0.065 0.119 0.140
p.SNL-ZOOP-GFF48.Algae  0.246 0.110 0.047 0.070 0.169 0.240 0.316 0.433 0.474
p.SNL-ZOOP-GFF49.Algae  0.260 0.116 0.050 0.075 0.173 0.258 0.339 0.457 0.502
p.SNL-ZOOP-GFF53.Algae  0.235 0.106 0.047 0.069 0.161 0.228 0.305 0.413 0.455
p.SNL-ZOOP-GFF65.Algae  0.129 0.079 0.017 0.024 0.066 0.118 0.178 0.277 0.307
p.SNL-ZOOP-GFF66.Algae  0.689 0.111 0.470 0.502 0.612 0.691 0.769 0.870 0.898
p.SNL-ZOOP-GFF67.Algae  0.708 0.105 0.500 0.533 0.637 0.707 0.784 0.879 0.905
p.SNL-ZOOP-GFF69.Algae  0.025 0.019 0.003 0.004 0.011 0.020 0.034 0.063 0.074
p.SNL-ZOOP-GFF70.Algae  0.433 0.123 0.195 0.231 0.353 0.428 0.512 0.648 0.689
p.SNL-ZOOP-01A.Plants   0.106 0.051 0.020 0.032 0.069 0.102 0.137 0.197 0.218
p.SNL-ZOOP-02A.Plants   0.090 0.080 0.005 0.007 0.029 0.065 0.130 0.254 0.298
p.SNL-ZOOP-03A.Plants   0.051 0.047 0.002 0.004 0.016 0.035 0.073 0.147 0.171
p.SNL-ZOOP-04A.Plants   0.042 0.039 0.002 0.004 0.014 0.030 0.059 0.121 0.147
p.SNL-ZOOP-05A.Plants   0.027 0.026 0.002 0.003 0.009 0.019 0.037 0.079 0.097
p.SNL-ZOOP-06A.Plants   0.063 0.059 0.003 0.005 0.019 0.044 0.090 0.183 0.228
p.SNL-ZOOP-07A.Plants   0.061 0.059 0.003 0.005 0.018 0.041 0.084 0.183 0.224
p.SNL-ZOOP-08A.Plants   0.278 0.195 0.010 0.020 0.103 0.257 0.428 0.623 0.681
p.SNL-ZOOP-09A.Plants   0.247 0.178 0.009 0.016 0.092 0.219 0.378 0.566 0.615
p.SNL-ZOOP-10A.Plants   0.155 0.128 0.008 0.012 0.051 0.122 0.230 0.408 0.465
p.SNL-ZOOP-11A.Plants   0.232 0.176 0.008 0.015 0.080 0.198 0.358 0.557 0.618
p.SNL-ZOOP-13A.Plants   0.267 0.192 0.008 0.016 0.098 0.239 0.414 0.609 0.671
p.SNL-ZOOP-14A.Plants   0.205 0.154 0.010 0.016 0.073 0.177 0.311 0.486 0.542
p.SNL-ZOOP-15A.Plants   0.301 0.203 0.012 0.021 0.114 0.292 0.454 0.646 0.705
p.SNL-ZOOP-16A.Plants   0.186 0.151 0.007 0.014 0.059 0.147 0.277 0.474 0.531
p.SNL-ZOOP-17A.Plants   0.262 0.181 0.010 0.018 0.105 0.242 0.396 0.583 0.628
p.SNL-ZOOP-18A.Plants   0.196 0.159 0.008 0.013 0.062 0.155 0.302 0.508 0.557
p.SNL-ZOOP-19A.Plants   0.135 0.115 0.006 0.011 0.043 0.103 0.201 0.370 0.416
p.SNL-ZOOP-20A.Plants   0.071 0.066 0.004 0.006 0.023 0.050 0.100 0.205 0.244
p.SNL-ZOOP-GFF47.Plants 0.042 0.040 0.002 0.004 0.014 0.029 0.057 0.123 0.150
p.SNL-ZOOP-GFF48.Plants 0.134 0.114 0.007 0.012 0.044 0.102 0.193 0.361 0.425
p.SNL-ZOOP-GFF49.Plants 0.163 0.130 0.007 0.012 0.055 0.133 0.243 0.403 0.465
p.SNL-ZOOP-GFF53.Plants 0.158 0.124 0.008 0.014 0.057 0.129 0.237 0.397 0.441
p.SNL-ZOOP-GFF65.Plants 0.106 0.093 0.005 0.009 0.034 0.078 0.152 0.296 0.346
p.SNL-ZOOP-GFF66.Plants 0.110 0.098 0.006 0.009 0.036 0.079 0.158 0.317 0.363
p.SNL-ZOOP-GFF67.Plants 0.107 0.092 0.006 0.009 0.035 0.079 0.153 0.301 0.344
p.SNL-ZOOP-GFF69.Plants 0.022 0.021 0.002 0.002 0.007 0.015 0.029 0.067 0.081
p.SNL-ZOOP-GFF70.Plants 0.157 0.127 0.008 0.014 0.057 0.125 0.233 0.404 0.462
p.SNL-ZOOP-01A.POM      0.698 0.057 0.578 0.600 0.660 0.699 0.738 0.788 0.801
p.SNL-ZOOP-02A.POM      0.803 0.094 0.607 0.640 0.741 0.808 0.873 0.948 0.959
p.SNL-ZOOP-03A.POM      0.896 0.061 0.755 0.782 0.860 0.905 0.942 0.975 0.982
p.SNL-ZOOP-04A.POM      0.911 0.053 0.786 0.810 0.881 0.920 0.951 0.979 0.985
p.SNL-ZOOP-05A.POM      0.940 0.037 0.848 0.873 0.920 0.948 0.969 0.986 0.990
p.SNL-ZOOP-06A.POM      0.875 0.074 0.695 0.738 0.830 0.886 0.931 0.973 0.981
p.SNL-ZOOP-07A.POM      0.879 0.072 0.709 0.742 0.837 0.892 0.935 0.971 0.978
p.SNL-ZOOP-08A.POM      0.377 0.124 0.146 0.175 0.292 0.373 0.461 0.589 0.630
p.SNL-ZOOP-09A.POM      0.524 0.133 0.267 0.306 0.430 0.523 0.613 0.748 0.793
p.SNL-ZOOP-10A.POM      0.558 0.125 0.324 0.361 0.473 0.555 0.641 0.764 0.818
p.SNL-ZOOP-11A.POM      0.301 0.112 0.091 0.123 0.219 0.298 0.378 0.491 0.519
p.SNL-ZOOP-13A.POM      0.429 0.133 0.179 0.218 0.337 0.425 0.518 0.653 0.701
p.SNL-ZOOP-14A.POM      0.535 0.126 0.290 0.333 0.449 0.533 0.618 0.746 0.790
p.SNL-ZOOP-15A.POM      0.377 0.130 0.139 0.174 0.286 0.373 0.466 0.597 0.633
p.SNL-ZOOP-16A.POM      0.513 0.126 0.274 0.317 0.427 0.510 0.593 0.726 0.768
p.SNL-ZOOP-17A.POM      0.498 0.131 0.251 0.292 0.408 0.496 0.588 0.715 0.762
p.SNL-ZOOP-18A.POM      0.239 0.101 0.061 0.083 0.165 0.236 0.308 0.411 0.444
p.SNL-ZOOP-19A.POM      0.194 0.087 0.048 0.063 0.130 0.186 0.252 0.350 0.378
p.SNL-ZOOP-20A.POM      0.117 0.059 0.026 0.034 0.072 0.110 0.154 0.224 0.247
p.SNL-ZOOP-GFF47.POM    0.910 0.054 0.782 0.808 0.880 0.919 0.951 0.980 0.985
p.SNL-ZOOP-GFF48.POM    0.620 0.129 0.366 0.405 0.533 0.622 0.705 0.833 0.878
p.SNL-ZOOP-GFF49.POM    0.577 0.121 0.342 0.386 0.496 0.575 0.655 0.780 0.831
p.SNL-ZOOP-GFF53.POM    0.607 0.117 0.388 0.421 0.526 0.604 0.683 0.804 0.843
p.SNL-ZOOP-GFF65.POM    0.765 0.102 0.557 0.594 0.694 0.769 0.840 0.929 0.946
p.SNL-ZOOP-GFF66.POM    0.200 0.091 0.048 0.062 0.131 0.194 0.261 0.358 0.383
p.SNL-ZOOP-GFF67.POM    0.185 0.083 0.049 0.062 0.124 0.177 0.239 0.333 0.364
p.SNL-ZOOP-GFF69.POM    0.953 0.029 0.879 0.897 0.938 0.960 0.975 0.988 0.991
p.SNL-ZOOP-GFF70.POM    0.410 0.123 0.169 0.205 0.328 0.412 0.491 0.605 0.650
