
################################################################################
# Gelman-Rubin Diagnostic
################################################################################

Generally the Gelman diagnostic should be < 1.05


Out of 172 variables: 3 > 1.01

                      
0 > 1.05

                      
0 > 1.1


The worst variables are:

             Point est. Upper C.I.
loglik[22]     1.021671   1.045158
loglik[19]     1.013872   1.028736
loglik[21]     1.013639   1.043984
loglik[13]     1.007910   1.012785
loglik[11]     1.007146   1.020636
loglik[7]      1.006680   1.014758
loglik[28]     1.006572   1.015549
p.fac1[5,1]    1.006534   1.014234
deviance       1.006228   1.021841
p.fac1[11,3]   1.005873   1.018138


And here are the Gelman diagnostics for all variables:

               Point est. Upper C.I.
deviance        1.0062275  1.0218412
ilr.fac1[1,1]         NaN        NaN
ilr.fac1[2,1]   1.0007619  1.0023191
ilr.fac1[3,1]   1.0006472  1.0047214
ilr.fac1[4,1]   1.0007243  1.0028240
ilr.fac1[5,1]   1.0009720  1.0026677
ilr.fac1[6,1]   1.0002141  1.0013839
ilr.fac1[7,1]   1.0003801  1.0026257
ilr.fac1[8,1]   0.9994951  1.0007073
ilr.fac1[9,1]   0.9991570  0.9994517
ilr.fac1[10,1]  0.9995761  1.0010156
ilr.fac1[11,1]  1.0011457  1.0046209
ilr.fac1[12,1]  1.0001528  1.0019562
ilr.fac1[13,1]  1.0039168  1.0141631
ilr.fac1[14,1]  1.0051425  1.0196656
ilr.fac1[15,1]  0.9991776  0.9993601
ilr.fac1[16,1]  1.0023039  1.0097374
ilr.fac1[17,1]  1.0022354  1.0106216
ilr.fac1[18,1]  0.9992083  0.9992486
ilr.fac1[19,1]  1.0012456  1.0058059
ilr.fac1[20,1]  0.9998161  1.0015772
ilr.fac1[21,1]  1.0010404  1.0052578
ilr.fac1[22,1]  0.9992050  0.9995918
ilr.fac1[23,1]  0.9998958  1.0009686
ilr.fac1[24,1]  1.0016247  1.0077772
ilr.fac1[25,1]  1.0012588  1.0013490
ilr.fac1[26,1]  1.0012857  1.0013658
ilr.fac1[27,1]  1.0002343  1.0024989
ilr.fac1[28,1]  1.0032624  1.0121833
ilr.fac1[1,2]         NaN        NaN
ilr.fac1[2,2]   1.0005857  1.0044274
ilr.fac1[3,2]   1.0002012  1.0013710
ilr.fac1[4,2]   1.0013563  1.0062646
ilr.fac1[5,2]   1.0031192  1.0107408
ilr.fac1[6,2]   1.0018431  1.0081584
ilr.fac1[7,2]   1.0001689  1.0004396
ilr.fac1[8,2]   1.0026788  1.0120742
ilr.fac1[9,2]   0.9997976  1.0007440
ilr.fac1[10,2]  0.9995986  1.0007271
ilr.fac1[11,2]  1.0009301  1.0045425
ilr.fac1[12,2]  0.9998588  1.0012189
ilr.fac1[13,2]  1.0003237  1.0031726
ilr.fac1[14,2]  0.9996616  1.0012560
ilr.fac1[15,2]  0.9999481  1.0021671
ilr.fac1[16,2]  0.9996378  1.0003478
ilr.fac1[17,2]  1.0010177  1.0034066
ilr.fac1[18,2]  0.9994517  1.0000685
ilr.fac1[19,2]  1.0018345  1.0084081
ilr.fac1[20,2]  1.0007621  1.0027629
ilr.fac1[21,2]  1.0017723  1.0075381
ilr.fac1[22,2]  1.0032483  1.0090258
ilr.fac1[23,2]  1.0000874  1.0024697
ilr.fac1[24,2]  0.9998343  1.0001290
ilr.fac1[25,2]  0.9994233  0.9997061
ilr.fac1[26,2]  1.0002064  1.0006621
ilr.fac1[27,2]  0.9998047  1.0000536
ilr.fac1[28,2]  1.0003755  1.0024864
loglik[1]       1.0004506  1.0018038
loglik[2]       1.0017952  1.0084676
loglik[3]       1.0004024  1.0040716
loglik[4]       1.0031456  1.0106174
loglik[5]       1.0045961  1.0192095
loglik[6]       1.0010175  1.0038822
loglik[7]       1.0066802  1.0147577
loglik[8]       1.0016102  1.0082838
loglik[9]       1.0019218  1.0035829
loglik[10]      1.0018691  1.0036759
loglik[11]      1.0071460  1.0206356
loglik[12]      0.9998720  1.0012077
loglik[13]      1.0079104  1.0127848
loglik[14]      0.9992419  0.9993566
loglik[15]      0.9996384  1.0009246
loglik[16]      1.0005886  1.0026492
loglik[17]      1.0017255  1.0075359
loglik[18]      1.0046316  1.0050922
loglik[19]      1.0138723  1.0287364
loglik[20]      1.0028933  1.0097578
loglik[21]      1.0136393  1.0439841
loglik[22]      1.0216711  1.0451584
loglik[23]      1.0022016  1.0079197
loglik[24]      1.0047096  1.0075516
loglik[25]      1.0018516  1.0061687
loglik[26]      1.0009509  1.0036127
loglik[27]      1.0033922  1.0125016
loglik[28]      1.0065718  1.0155487
p.fac1[1,1]     1.0033196  1.0120773
p.fac1[2,1]     1.0007767  1.0049957
p.fac1[3,1]     1.0002944  1.0023381
p.fac1[4,1]     1.0007187  1.0050809
p.fac1[5,1]     1.0065336  1.0142335
p.fac1[6,1]     1.0010516  1.0045255
p.fac1[7,1]     1.0001609  1.0003897
p.fac1[8,1]     0.9999237  1.0012303
p.fac1[9,1]     1.0003021  1.0032524
p.fac1[10,1]    0.9997259  1.0012238
p.fac1[11,1]    0.9991665  0.9991865
p.fac1[12,1]    1.0016952  1.0068817
p.fac1[13,1]    1.0005455  1.0038817
p.fac1[14,1]    1.0017068  1.0081495
p.fac1[15,1]    0.9993371  1.0000029
p.fac1[16,1]    1.0014576  1.0068538
p.fac1[17,1]    1.0034180  1.0132315
p.fac1[18,1]    0.9998925  1.0007188
p.fac1[19,1]    1.0018165  1.0064768
p.fac1[20,1]    0.9991154  0.9994245
p.fac1[21,1]    1.0042488  1.0157267
p.fac1[22,1]    0.9991779  0.9991821
p.fac1[23,1]    1.0024243  1.0065490
p.fac1[24,1]    0.9999274  1.0019855
p.fac1[25,1]    1.0011853  1.0057291
p.fac1[26,1]    0.9998369  1.0020001
p.fac1[27,1]    0.9997928  1.0006415
p.fac1[28,1]    1.0004704  1.0028929
p.fac1[1,2]     1.0025704  1.0093327
p.fac1[2,2]     1.0005221  1.0037352
p.fac1[3,2]     1.0007043  1.0011543
p.fac1[4,2]     1.0046015  1.0063598
p.fac1[5,2]     0.9996728  1.0002478
p.fac1[6,2]     0.9997970  0.9999777
p.fac1[7,2]     1.0009268  1.0042956
p.fac1[8,2]     1.0006770  1.0049973
p.fac1[9,2]     1.0013714  1.0044877
p.fac1[10,2]    0.9994821  0.9999295
p.fac1[11,2]    1.0010351  1.0055846
p.fac1[12,2]    0.9992898  0.9998631
p.fac1[13,2]    0.9998120  1.0018345
p.fac1[14,2]    1.0021318  1.0068206
p.fac1[15,2]    0.9994492  1.0003078
p.fac1[16,2]    1.0024757  1.0081831
p.fac1[17,2]    1.0015449  1.0071697
p.fac1[18,2]    1.0001681  1.0007923
p.fac1[19,2]    1.0006336  1.0029487
p.fac1[20,2]    1.0001711  1.0007418
p.fac1[21,2]    1.0013189  1.0048184
p.fac1[22,2]    1.0003383  1.0033250
p.fac1[23,2]    0.9993612  0.9995035
p.fac1[24,2]    1.0009021  1.0045641
p.fac1[25,2]    1.0014412  1.0020154
p.fac1[26,2]    0.9992164  0.9995537
p.fac1[27,2]    1.0005205  1.0028066
p.fac1[28,2]    1.0017013  1.0032618
p.fac1[1,3]     1.0007859  1.0049067
p.fac1[2,3]     1.0018077  1.0083203
p.fac1[3,3]     1.0000141  1.0018020
p.fac1[4,3]     0.9999395  1.0001421
p.fac1[5,3]     1.0009569  1.0058732
p.fac1[6,3]     0.9997100  1.0011217
p.fac1[7,3]     1.0024947  1.0045081
p.fac1[8,3]     1.0054896  1.0214125
p.fac1[9,3]     1.0010348  1.0018895
p.fac1[10,3]    1.0003280  1.0023333
p.fac1[11,3]    1.0058729  1.0181384
p.fac1[12,3]    1.0024360  1.0102416
p.fac1[13,3]    1.0020371  1.0058716
p.fac1[14,3]    0.9992656  0.9996798
p.fac1[15,3]    0.9996382  1.0010541
p.fac1[16,3]    1.0020585  1.0094815
p.fac1[17,3]    0.9994482  0.9999733
p.fac1[18,3]    0.9991263  0.9993068
p.fac1[19,3]    1.0019460  1.0093046
p.fac1[20,3]    0.9992589  0.9993008
p.fac1[21,3]    1.0049366  1.0173069
p.fac1[22,3]    1.0040318  1.0076133
p.fac1[23,3]    1.0002495  1.0035140
p.fac1[24,3]    0.9998631  1.0003766
p.fac1[25,3]    1.0005195  1.0037668
p.fac1[26,3]    1.0007102  1.0034659
p.fac1[27,3]    0.9993481  0.9998479
p.fac1[28,3]    1.0017301  1.0085768
p.global[1]     1.0033196  1.0120773
p.global[2]     1.0025704  1.0093327
p.global[3]     1.0007859  1.0049067

################################################################################
# Geweke Diagnostic
################################################################################

The Geweke diagnostic is a standard z-score, so we'd expect 5% to be outside +/-1.96
Number of variables outside +/-1.96 in each chain (out of 
172
):


       Chain 1 Chain 2 Chain 3
Geweke      14      13      23


And here are the Geweke diagnostics for all variables:

               chain1 chain2 chain3
deviance       -0.643  1.576  2.955
ilr.fac1[2,1]   2.324 -0.999 -0.726
ilr.fac1[3,1]  -0.658  2.129 -0.879
ilr.fac1[4,1]   0.129 -0.843 -0.253
ilr.fac1[5,1]   1.843 -0.882  1.005
ilr.fac1[6,1]  -0.032 -0.327  0.556
ilr.fac1[7,1]  -1.419  1.001  1.091
ilr.fac1[8,1]  -0.097 -1.187  2.421
ilr.fac1[9,1]  -1.467 -0.568  1.437
ilr.fac1[10,1] -0.645  0.325 -0.957
ilr.fac1[11,1]  0.543  0.759  2.166
ilr.fac1[12,1] -0.665 -0.190 -0.519
ilr.fac1[13,1] -1.486 -0.334 -1.133
ilr.fac1[14,1] -1.284  1.026  0.314
ilr.fac1[15,1] -0.343  1.385  0.710
ilr.fac1[16,1] -0.725  2.091  0.431
ilr.fac1[17,1]  1.284 -0.819 -0.150
ilr.fac1[18,1]  1.922  0.308 -1.098
ilr.fac1[19,1]  1.407  2.777  0.429
ilr.fac1[20,1]  0.809  0.657 -1.109
ilr.fac1[21,1]  1.846 -0.384  1.269
ilr.fac1[22,1]  0.935 -0.416 -0.303
ilr.fac1[23,1]  0.301 -0.154 -0.099
ilr.fac1[24,1] -1.713  1.142 -2.107
ilr.fac1[25,1]  0.377 -2.123 -1.721
ilr.fac1[26,1]  0.673  0.103 -1.551
ilr.fac1[27,1]  0.111 -0.664  0.236
ilr.fac1[28,1] -0.922  1.411 -2.201
ilr.fac1[2,2]   0.359 -0.402 -1.181
ilr.fac1[3,2]   1.571 -0.076  0.427
ilr.fac1[4,2]  -0.262 -0.831 -0.311
ilr.fac1[5,2]  -1.308  1.266 -0.248
ilr.fac1[6,2]   0.640  1.212  0.431
ilr.fac1[7,2]  -0.256 -1.084 -0.690
ilr.fac1[8,2]  -0.463 -0.370 -2.088
ilr.fac1[9,2]  -0.900  1.145 -1.515
ilr.fac1[10,2]  0.308 -0.261 -1.063
ilr.fac1[11,2] -0.777 -1.207 -2.000
ilr.fac1[12,2]  1.372 -0.329 -0.242
ilr.fac1[13,2]  0.508 -1.499 -1.327
ilr.fac1[14,2] -0.394 -0.707 -1.391
ilr.fac1[15,2]  0.474 -1.288 -0.953
ilr.fac1[16,2]  0.153 -1.601 -0.132
ilr.fac1[17,2] -0.495  0.868  0.303
ilr.fac1[18,2] -1.442  0.246 -0.177
ilr.fac1[19,2] -0.407 -2.126 -1.107
ilr.fac1[20,2] -0.798  1.306 -0.221
ilr.fac1[21,2]  0.151  0.248 -2.292
ilr.fac1[22,2]  1.082  1.519 -1.310
ilr.fac1[23,2]  0.464 -2.188 -0.534
ilr.fac1[24,2]  0.500 -1.419 -0.245
ilr.fac1[25,2]  1.774  1.822  0.563
ilr.fac1[26,2]  1.709  0.471  0.317
ilr.fac1[27,2] -1.151  1.354 -0.129
ilr.fac1[28,2]  0.040 -1.895 -1.028
loglik[1]       0.170  0.000 -2.203
loglik[2]      -0.560 -0.594 -1.231
loglik[3]      -1.465 -0.600 -0.841
loglik[4]       0.311  0.678 -0.531
loglik[5]       0.177 -1.793 -1.159
loglik[6]      -1.302 -2.058 -0.493
loglik[7]      -0.371 -0.100 -0.242
loglik[8]      -0.103  0.849 -2.864
loglik[9]      -0.076 -0.170 -0.779
loglik[10]      0.810  0.663 -0.705
loglik[11]      0.167 -1.230 -1.161
loglik[12]      0.385 -0.817  0.227
loglik[13]      0.161 -1.749 -0.855
loglik[14]      0.420  0.080 -1.129
loglik[15]      0.608  0.656 -1.012
loglik[16]      0.697 -0.959 -0.922
loglik[17]      0.069  2.894 -0.115
loglik[18]     -0.599 -0.135 -1.585
loglik[19]      1.334  0.715  0.338
loglik[20]      0.444 -1.664 -0.136
loglik[21]      2.071 -2.491  0.373
loglik[22]      0.814  0.351 -1.777
loglik[23]      0.645 -3.630 -1.049
loglik[24]      0.329 -1.197 -1.008
loglik[25]      0.207  1.112 -0.931
loglik[26]      1.971 -0.189 -1.392
loglik[27]      1.204 -1.152 -0.506
loglik[28]     -0.707 -0.802 -1.736
p.fac1[1,1]    -0.434 -0.752  2.367
p.fac1[2,1]     1.415 -1.566 -1.298
p.fac1[3,1]     1.429  0.908  0.518
p.fac1[4,1]    -0.181 -1.381  0.089
p.fac1[5,1]    -0.446  1.122  2.324
p.fac1[6,1]     0.847  0.182  0.900
p.fac1[7,1]    -1.369 -0.251  0.603
p.fac1[8,1]    -1.046 -1.466  3.095
p.fac1[9,1]    -2.592 -0.446  1.286
p.fac1[10,1]   -1.037  0.037 -0.414
p.fac1[11,1]   -0.438 -0.832  3.302
p.fac1[12,1]   -0.466 -0.939  0.436
p.fac1[13,1]   -1.979 -1.125 -0.478
p.fac1[14,1]   -1.930  0.044  0.976
p.fac1[15,1]   -1.086  0.010  0.753
p.fac1[16,1]   -1.938  1.261  0.905
p.fac1[17,1]    0.964 -0.744  1.168
p.fac1[18,1]   -0.126 -0.086 -0.137
p.fac1[19,1]    0.636  0.758  1.395
p.fac1[20,1]   -0.337  1.499  0.164
p.fac1[21,1]    1.592 -0.158  0.398
p.fac1[22,1]    1.050  0.300 -0.380
p.fac1[23,1]   -0.342 -1.600  0.737
p.fac1[24,1]   -0.583 -0.169 -1.150
p.fac1[25,1]    1.274 -1.632 -0.356
p.fac1[26,1]    2.181 -0.527 -0.603
p.fac1[27,1]   -1.078  1.061  0.108
p.fac1[28,1]   -2.073 -0.852 -0.893
p.fac1[1,2]     1.672  0.792 -0.975
p.fac1[2,2]     0.028  0.686 -0.930
p.fac1[3,2]     1.643 -0.537 -0.950
p.fac1[4,2]     0.831  0.466 -0.846
p.fac1[5,2]     0.387  1.427 -2.620
p.fac1[6,2]     1.003  1.644 -0.469
p.fac1[7,2]     1.406 -0.518 -3.215
p.fac1[8,2]     1.077  0.973 -3.413
p.fac1[9,2]     1.383  0.901 -2.128
p.fac1[10,2]    1.605  0.509 -0.438
p.fac1[11,2]    0.336 -0.120 -2.456
p.fac1[12,2]    1.852  0.512 -0.705
p.fac1[13,2]    2.344  0.240 -0.176
p.fac1[14,2]    1.507  0.016 -1.327
p.fac1[15,2]    0.846 -0.314 -1.814
p.fac1[16,2]    2.211 -0.782 -0.534
p.fac1[17,2]   -0.561  1.093 -0.951
p.fac1[18,2]   -0.003  0.559 -0.294
p.fac1[19,2]   -0.552 -1.415 -2.494
p.fac1[20,2]    0.123  0.497 -0.966
p.fac1[21,2]   -0.122  0.594 -1.712
p.fac1[22,2]    0.734  1.911 -1.284
p.fac1[23,2]    1.306 -0.480 -0.322
p.fac1[24,2]    2.078 -1.124 -0.166
p.fac1[25,2]    0.495  2.431  0.295
p.fac1[26,2]    0.530  0.837  0.710
p.fac1[27,2]    0.290  1.326 -0.163
p.fac1[28,2]    1.848 -0.931 -1.254
p.fac1[1,3]    -1.178 -0.362 -0.256
p.fac1[2,3]    -1.189  0.462  1.782
p.fac1[3,3]    -2.210 -0.168  0.705
p.fac1[4,3]    -0.559  0.461  0.611
p.fac1[5,3]    -0.013 -2.331  0.441
p.fac1[6,3]    -1.394 -1.648 -0.024
p.fac1[7,3]    -0.582  0.646  1.574
p.fac1[8,3]    -0.299  0.029  2.202
p.fac1[9,3]    -0.029 -0.818  1.694
p.fac1[10,3]   -1.006 -0.664  0.926
p.fac1[11,3]    0.018  1.168  0.427
p.fac1[12,3]   -1.848 -0.043  0.615
p.fac1[13,3]   -1.208  0.823  1.085
p.fac1[14,3]   -0.327 -0.087  1.581
p.fac1[15,3]   -0.319  0.466  1.523
p.fac1[16,3]   -0.971  0.067  0.164
p.fac1[17,3]   -0.580 -1.078 -0.580
p.fac1[18,3]    0.178 -0.686  0.508
p.fac1[19,3]   -0.185  0.471  0.600
p.fac1[20,3]    0.124 -1.243  0.602
p.fac1[21,3]   -1.323 -0.420  1.760
p.fac1[22,3]   -2.164 -2.365  1.701
p.fac1[23,3]   -0.996  1.877 -0.164
p.fac1[24,3]   -1.654  1.199  1.027
p.fac1[25,3]   -2.210 -0.983  0.102
p.fac1[26,3]   -3.705 -0.339 -0.113
p.fac1[27,3]    0.380 -1.622  0.068
p.fac1[28,3]   -0.193  1.629  2.441
p.global[1]    -0.434 -0.752  2.367
p.global[2]     1.672  0.792 -0.975
p.global[3]    -1.178 -0.362 -0.256
