
################################################################################
# Gelman-Rubin Diagnostic
################################################################################

Generally the Gelman diagnostic should be < 1.05


Out of 64 variables: 23 > 1.01

                      
6 > 1.05

                      
0 > 1.1


The worst variables are:

              Point est. Upper C.I.
ilr.fac2[3,1]   1.077902   1.169938
ilr.global[2]   1.076599   1.217584
ilr.global[1]   1.076592   1.215025
p.fac1[1,1]     1.075977   1.196624
p.global[1]     1.075977   1.196624
ilr.fac1[3,2]   1.055262   1.161240
ilr.fac2[1,2]   1.048215   1.129313
p.fac1[3,1]     1.040525   1.120920
p.fac1[1,3]     1.039525   1.105340
p.global[3]     1.039525   1.105340


And here are the Gelman diagnostics for all variables:

              Point est. Upper C.I.
deviance       1.0007443   1.005140
fac2.sig       1.0247732   1.078403
ilr.fac1[1,1]        NaN        NaN
ilr.fac1[1,2]        NaN        NaN
ilr.fac1[2,1]  1.0009573   1.001599
ilr.fac1[2,2]  1.0051672   1.018386
ilr.fac1[3,1]  1.0353739   1.112091
ilr.fac1[3,2]  1.0552623   1.161240
ilr.fac2[1,1]  1.0063822   1.022027
ilr.fac2[1,2]  1.0482150   1.129313
ilr.fac2[2,1]  1.0340077   1.075642
ilr.fac2[2,2]  1.0056863   1.018178
ilr.fac2[3,1]  1.0779025   1.169938
ilr.fac2[3,2]  1.0123194   1.013599
ilr.fac2[4,1]  1.0044837   1.006293
ilr.fac2[4,2]  1.0079473   1.010087
ilr.fac2[5,1]  1.0100392   1.021216
ilr.fac2[5,2]  1.0124193   1.026377
ilr.fac2[6,1]  1.0023145   1.005034
ilr.fac2[6,2]  1.0004145   1.002906
ilr.global[1]  1.0765922   1.215025
ilr.global[2]  1.0765988   1.217584
loglik[1]      0.9994761   1.000454
loglik[10]     1.0047724   1.019488
loglik[11]     1.0010058   1.002385
loglik[12]     1.0032656   1.009394
loglik[13]     1.0045166   1.015382
loglik[14]     1.0022398   1.005864
loglik[15]     1.0000128   1.000439
loglik[16]     1.0006370   1.000726
loglik[17]     1.0036297   1.011692
loglik[18]     1.0008071   1.004452
loglik[19]     1.0032869   1.008175
loglik[2]      0.9995931   1.001091
loglik[20]     1.0069325   1.023806
loglik[21]     1.0095628   1.019516
loglik[22]     1.0046163   1.010977
loglik[23]     1.0052369   1.017312
loglik[24]     1.0031582   1.009140
loglik[25]     1.0012715   1.005444
loglik[26]     1.0077652   1.020652
loglik[27]     1.0034243   1.013788
loglik[28]     1.0027107   1.005135
loglik[3]      1.0016370   1.008615
loglik[4]      1.0020368   1.009692
loglik[5]      1.0044951   1.014205
loglik[6]      1.0054758   1.019827
loglik[7]      1.0021789   1.008027
loglik[8]      1.0017557   1.002587
loglik[9]      1.0006094   1.001037
p.fac1[1,1]    1.0759773   1.196624
p.fac1[1,2]    1.0212846   1.058647
p.fac1[1,3]    1.0395249   1.105340
p.fac1[2,1]    1.0179900   1.061700
p.fac1[2,2]    1.0026556   1.003163
p.fac1[2,3]    1.0120981   1.040997
p.fac1[3,1]    1.0405246   1.120920
p.fac1[3,2]    1.0231411   1.037333
p.fac1[3,3]    1.0301760   1.066547
p.global[1]    1.0759773   1.196624
p.global[2]    1.0212846   1.058647
p.global[3]    1.0395249   1.105340
resid.prop[1]  1.0371416   1.103645
resid.prop[2]  1.0034447   1.008813

################################################################################
# Geweke Diagnostic
################################################################################

The Geweke diagnostic is a standard z-score, so we'd expect 5% to be outside +/-1.96
Number of variables outside +/-1.96 in each chain (out of 
64
):


       Chain 1 Chain 2 Chain 3
Geweke      11      33       5


And here are the Geweke diagnostics for all variables:

              chain1 chain2 chain3
deviance      -2.378  2.177 -1.352
fac2.sig       1.193 -3.905 -1.476
ilr.fac1[2,1]  0.702 -2.607  0.841
ilr.fac1[2,2] -0.629 -0.110 -1.100
ilr.fac1[3,1] -1.321  1.316  0.944
ilr.fac1[3,2] -2.097  5.223 -2.059
ilr.fac2[1,1] -1.685 -0.447  1.497
ilr.fac2[1,2] -1.677  4.996  0.130
ilr.fac2[2,1] -0.202  2.535  1.174
ilr.fac2[2,2] -1.167  1.999  3.478
ilr.fac2[3,1]  0.440  2.570 -1.170
ilr.fac2[3,2]  0.633 -1.051  0.408
ilr.fac2[4,1]  0.505 -1.360 -2.033
ilr.fac2[4,2]  1.447 -2.187 -1.207
ilr.fac2[5,1] -0.507  2.329  0.234
ilr.fac2[5,2] -0.896  0.216 -0.395
ilr.fac2[6,1]  0.160 -0.714  1.369
ilr.fac2[6,2]  0.505  3.439  0.908
ilr.global[1]  1.504 -1.379 -0.071
ilr.global[2]  2.375 -1.768  1.572
loglik[1]     -1.023  0.053 -0.660
loglik[10]     0.546 -2.629  0.221
loglik[11]     0.800 -1.346  1.327
loglik[12]    -0.309 -0.134  0.636
loglik[13]     0.495  2.845  0.318
loglik[14]    -0.242 -0.630  0.732
loglik[15]    -1.138  5.626  1.159
loglik[16]     2.968 -2.234  1.270
loglik[17]    -0.897  6.434  1.581
loglik[18]    -0.441 -0.078  0.693
loglik[19]     2.364 -3.239 -0.580
loglik[2]      0.204  0.758 -0.431
loglik[20]     1.372 -2.516 -0.228
loglik[21]    -0.426 -3.218  1.768
loglik[22]     0.736 -0.856 -0.368
loglik[23]     1.391 -1.593 -0.081
loglik[24]    -0.126 -1.484 -0.853
loglik[25]     2.350  1.133  1.400
loglik[26]    -0.022  1.795  1.304
loglik[27]    -0.530 -3.119 -1.288
loglik[28]     1.265  1.483  0.416
loglik[3]      1.216 -4.126  0.561
loglik[4]      1.116 -4.780 -0.306
loglik[5]      1.078 -3.145 -0.128
loglik[6]     -0.665  3.987  0.536
loglik[7]      0.535  4.537  1.375
loglik[8]      2.913 -2.307  1.272
loglik[9]      3.403 -3.114  1.090
p.fac1[1,1]    1.976 -1.946  0.176
p.fac1[1,2]    1.637 -0.508  2.549
p.fac1[1,3]   -1.640  2.101 -1.640
p.fac1[2,1]    2.085 -3.151  0.081
p.fac1[2,2]    0.774  1.273  0.806
p.fac1[2,3]   -1.539  2.056 -0.753
p.fac1[3,1]    1.311 -1.666 -0.357
p.fac1[3,2]    0.586  3.969 -1.535
p.fac1[3,3]   -0.992 -3.441  1.482
p.global[1]    1.976 -1.946  0.176
p.global[2]    1.637 -0.508  2.549
p.global[3]   -1.640  2.101 -1.640
resid.prop[1] -0.932  0.994 -1.715
resid.prop[2] -0.314  0.484 -0.624
