[[1]]
Inference for Bugs model at "MixSIAR_model_1.txt", fit using jags,
 3 chains, each with 1e+05 iterations (first 50000 discarded), n.thin = 50
 n.sims = 3000 iterations saved
              mu.vect sd.vect   2.5%    25%    50%    75%   97.5%  Rhat n.eff
loglik[1]      -3.041   0.574 -4.372 -3.364 -2.974 -2.642  -2.111 1.001  3000
loglik[2]      -1.655   0.270 -2.243 -1.825 -1.634 -1.468  -1.185 1.001  3000
loglik[3]      -1.199   0.212 -1.644 -1.343 -1.190 -1.047  -0.816 1.001  3000
loglik[4]      -1.728   0.256 -2.266 -1.892 -1.713 -1.550  -1.279 1.001  3000
loglik[5]      -1.749   0.269 -2.326 -1.921 -1.732 -1.547  -1.291 1.001  3000
loglik[6]      -2.688   0.467 -3.740 -2.963 -2.639 -2.349  -1.935 1.001  2800
loglik[7]      -1.605   0.251 -2.126 -1.767 -1.590 -1.425  -1.162 1.002  1200
loglik[8]      -1.477   0.253 -2.008 -1.645 -1.461 -1.299  -1.023 1.003   940
loglik[9]      -1.550   0.245 -2.063 -1.710 -1.536 -1.376  -1.113 1.003   890
loglik[10]     -1.750   0.228 -2.233 -1.894 -1.736 -1.592  -1.334 1.001  3000
loglik[11]     -1.238   0.206 -1.658 -1.371 -1.232 -1.098  -0.849 1.003   830
loglik[12]     -1.727   0.299 -2.367 -1.919 -1.701 -1.518  -1.200 1.002  1100
loglik[13]     -1.116   0.204 -1.535 -1.247 -1.110 -0.975  -0.742 1.001  3000
loglik[14]     -1.734   0.293 -2.346 -1.925 -1.712 -1.527  -1.213 1.003  1000
loglik[15]     -1.032   0.207 -1.457 -1.169 -1.025 -0.885  -0.639 1.001  3000
loglik[16]     -1.337   0.230 -1.809 -1.492 -1.326 -1.178  -0.916 1.003   830
loglik[17]     -2.197   0.327 -2.916 -2.395 -2.172 -1.969  -1.645 1.002  3000
loglik[18]     -2.434   0.466 -3.541 -2.700 -2.371 -2.098  -1.704 1.001  3000
loglik[19]     -2.767   0.574 -4.135 -3.102 -2.688 -2.355  -1.874 1.001  3000
loglik[20]     -1.478   0.249 -2.015 -1.636 -1.457 -1.304  -1.036 1.001  3000
loglik[21]     -1.457   0.221 -1.932 -1.594 -1.444 -1.310  -1.043 1.001  3000
loglik[22]     -1.593   0.237 -2.096 -1.747 -1.582 -1.424  -1.169 1.001  3000
loglik[23]     -1.384   0.223 -1.842 -1.533 -1.373 -1.230  -0.982 1.001  3000
loglik[24]     -2.010   0.289 -2.637 -2.185 -1.989 -1.810  -1.500 1.001  2200
loglik[25]     -0.970   0.210 -1.399 -1.106 -0.963 -0.824  -0.596 1.001  3000
loglik[26]     -1.789   0.276 -2.426 -1.948 -1.765 -1.597  -1.326 1.001  3000
loglik[27]     -2.380   0.330 -3.101 -2.582 -2.353 -2.152  -1.798 1.002  1700
loglik[28]     -1.384   0.223 -1.846 -1.527 -1.372 -1.227  -0.984 1.001  3000
p.global[1]     0.056   0.046  0.002  0.020  0.045  0.082   0.171 1.004  2600
p.global[2]     0.154   0.049  0.057  0.121  0.154  0.187   0.251 1.001  3000
p.global[3]     0.789   0.062  0.662  0.750  0.790  0.832   0.907 1.001  3000
resid.prop[1]   5.548   2.817  1.644  3.506  5.026  6.975  12.488 1.001  2100
resid.prop[2]   3.703   1.980  1.076  2.301  3.291  4.729   8.644 1.003   960
deviance       96.941   3.566 92.210 94.307 96.275 98.721 105.837 1.002  1800

For each parameter, n.eff is a crude measure of effective sample size,
and Rhat is the potential scale reduction factor (at convergence, Rhat=1).

DIC info (using the rule, pD = var(deviance)/2)
pD = 6.4 and DIC = 103.3
DIC is an estimate of expected predictive error (lower deviance is better).

[[2]]
Inference for Bugs model at "MixSIAR_model_2.txt", fit using jags,
 3 chains, each with 1e+05 iterations (first 50000 discarded), n.thin = 50
 n.sims = 3000 iterations saved
              mu.vect sd.vect    2.5%    25%    50%    75%   97.5%  Rhat n.eff
fac2.sig        2.167   3.475   0.041  0.434  0.959  2.084  15.207 1.006   370
ilr.fac1[1,1]   0.000   0.000   0.000  0.000  0.000  0.000   0.000 1.000     1
ilr.fac1[2,1]   0.199   0.904  -1.648 -0.403  0.226  0.804   1.917 1.001  3000
ilr.fac1[3,1]  -0.611   0.920  -2.333 -1.262 -0.630  0.026   1.255 1.004   570
ilr.fac1[1,2]   0.000   0.000   0.000  0.000  0.000  0.000   0.000 1.000     1
ilr.fac1[2,2]  -0.072   0.843  -1.830 -0.603 -0.034  0.511   1.443 1.003   860
ilr.fac1[3,2]  -0.134   0.806  -1.897 -0.638 -0.069  0.392   1.353 1.001  3000
ilr.fac2[1,1]   0.211   3.361  -5.005 -0.316  0.096  0.728   6.213 1.040  1500
ilr.fac2[2,1]  -0.794   3.258  -7.668 -1.110 -0.199  0.130   2.921 1.015  1100
ilr.fac2[3,1]  -1.200   3.486 -11.556 -1.197 -0.264  0.093   1.491 1.043   420
ilr.fac2[4,1]   0.991   4.109  -2.872 -0.257  0.110  1.003  11.733 1.058   450
ilr.fac2[5,1]  -0.153   3.181  -5.681 -0.670 -0.043  0.384   5.393 1.050  3000
ilr.fac2[6,1]   0.372   3.477  -5.099 -0.290  0.099  0.828   7.049 1.054  2600
ilr.fac2[1,2]  -2.551   5.066 -17.655 -2.422 -0.935 -0.213   0.280 1.043   210
ilr.fac2[2,2]  -1.560   3.914 -13.938 -1.413 -0.331  0.007   0.850 1.017   700
ilr.fac2[3,2]  -0.701   2.840  -9.249 -0.555  0.002  0.373   1.616 1.053   270
ilr.fac2[4,2]   0.698   3.557  -4.051 -0.153  0.218  1.087   9.368 1.019  1000
ilr.fac2[5,2]  -1.531   4.378 -15.295 -1.171 -0.245  0.081   1.130 1.047   230
ilr.fac2[6,2]  -1.427   4.578 -13.983 -1.284 -0.261  0.082   1.608 1.033   380
ilr.global[1]  -0.508   1.179  -2.969 -1.163 -0.463  0.190   1.751 1.007   330
ilr.global[2]  -1.660   0.914  -3.404 -2.223 -1.696 -1.156   0.376 1.003  1000
loglik[1]      -3.014   0.978  -5.196 -3.569 -2.836 -2.281  -1.642 1.001  3000
loglik[2]      -1.556   0.485  -2.716 -1.817 -1.472 -1.212  -0.834 1.001  3000
loglik[3]      -1.274   0.464  -2.488 -1.488 -1.184 -0.955  -0.607 1.002  1300
loglik[4]      -1.847   0.561  -3.211 -2.140 -1.742 -1.442  -1.047 1.001  2200
loglik[5]      -1.723   0.399  -2.659 -1.938 -1.665 -1.450  -1.097 1.001  3000
loglik[6]      -2.603   0.671  -4.142 -3.002 -2.536 -2.118  -1.511 1.001  2200
loglik[7]      -1.413   0.443  -2.380 -1.701 -1.364 -1.083  -0.677 1.001  3000
loglik[8]      -0.893   0.446  -1.977 -1.125 -0.832 -0.583  -0.186 1.001  3000
loglik[9]      -0.907   0.501  -2.166 -1.167 -0.832 -0.552  -0.137 1.001  3000
loglik[10]     -1.642   0.389  -2.458 -1.877 -1.639 -1.381  -0.916 1.001  2900
loglik[11]     -1.386   0.429  -2.240 -1.687 -1.375 -1.074  -0.608 1.001  3000
loglik[12]     -2.078   0.582  -3.337 -2.438 -2.044 -1.670  -1.053 1.001  3000
loglik[13]     -1.195   0.364  -2.095 -1.374 -1.146 -0.956  -0.629 1.001  2800
loglik[14]     -2.072   0.588  -3.323 -2.439 -2.045 -1.659  -1.027 1.001  3000
loglik[15]     -1.316   0.550  -2.736 -1.539 -1.191 -0.946  -0.590 1.001  3000
loglik[16]     -0.770   0.431  -1.843 -0.987 -0.711 -0.466  -0.085 1.001  3000
loglik[17]     -2.258   0.727  -3.866 -2.743 -2.166 -1.707  -1.111 1.002  1300
loglik[18]     -2.704   0.727  -4.342 -3.125 -2.621 -2.194  -1.504 1.002  1900
loglik[19]     -2.349   0.880  -4.281 -2.907 -2.300 -1.719  -0.832 1.003   730
loglik[20]     -1.048   0.255  -1.579 -1.206 -1.038 -0.879  -0.591 1.002  1600
loglik[21]     -1.336   0.499  -2.738 -1.503 -1.272 -1.061  -0.608 1.002  1300
loglik[22]     -1.232   0.265  -1.781 -1.398 -1.218 -1.061  -0.741 1.001  3000
loglik[23]     -1.011   0.246  -1.504 -1.165 -1.004 -0.848  -0.550 1.001  2300
loglik[24]     -1.534   0.318  -2.211 -1.716 -1.509 -1.327  -0.967 1.001  3000
loglik[25]     -0.827   0.226  -1.276 -0.978 -0.823 -0.672  -0.403 1.001  3000
loglik[26]     -1.969   0.462  -3.076 -2.230 -1.896 -1.646  -1.237 1.002  1600
loglik[27]     -1.740   0.357  -2.565 -1.940 -1.704 -1.503  -1.120 1.001  3000
loglik[28]     -1.182   0.244  -1.672 -1.333 -1.177 -1.021  -0.724 1.001  3000
p.fac1[1,1]     0.119   0.140   0.003  0.030  0.070  0.151   0.544 1.004   620
p.fac1[2,1]     0.146   0.167   0.001  0.025  0.084  0.209   0.619 1.005   500
p.fac1[3,1]     0.082   0.134   0.001  0.013  0.036  0.086   0.531 1.001  2100
p.fac1[1,2]     0.175   0.147   0.016  0.076  0.132  0.222   0.606 1.006   350
p.fac1[2,2]     0.153   0.148   0.006  0.055  0.114  0.200   0.598 1.006   370
p.fac1[3,2]     0.224   0.165   0.010  0.109  0.197  0.295   0.693 1.001  2400
p.fac1[1,3]     0.706   0.197   0.184  0.615  0.762  0.853   0.943 1.007   710
p.fac1[2,3]     0.701   0.214   0.129  0.595  0.752  0.862   0.973 1.003   840
p.fac1[3,3]     0.694   0.201   0.144  0.611  0.735  0.831   0.963 1.008  1100
p.global[1]     0.119   0.140   0.003  0.030  0.070  0.151   0.544 1.004   620
p.global[2]     0.175   0.147   0.016  0.076  0.132  0.222   0.606 1.006   350
p.global[3]     0.706   0.197   0.184  0.615  0.762  0.853   0.943 1.007   710
resid.prop[1]   4.396   2.255   1.344  2.794  3.924  5.521   9.807 1.001  3000
resid.prop[2]   2.965   1.673   0.812  1.785  2.597  3.785   7.094 1.003   830
deviance       89.759   5.642  80.027 85.758 89.462 93.179 101.899 1.002  1900

For each parameter, n.eff is a crude measure of effective sample size,
and Rhat is the potential scale reduction factor (at convergence, Rhat=1).

DIC info (using the rule, pD = var(deviance)/2)
pD = 15.9 and DIC = 105.7
DIC is an estimate of expected predictive error (lower deviance is better).

[[3]]
Inference for Bugs model at "MixSIAR_model_3.txt", fit using jags,
 3 chains, each with 1e+05 iterations (first 50000 discarded), n.thin = 50
 n.sims = 3000 iterations saved
              mu.vect sd.vect   2.5%    25%    50%    75%  97.5%  Rhat n.eff
fac2.sig        1.403   0.850  0.521  0.902  1.193  1.623  3.558 1.005   420
ilr.fac1[1,1]   0.000   0.000  0.000  0.000  0.000  0.000  0.000 1.000     1
ilr.fac1[2,1]   0.044   0.634 -1.099 -0.376  0.010  0.424  1.389 1.001  3000
ilr.fac1[3,1]  -0.953   0.647 -2.242 -1.356 -0.947 -0.534  0.304 1.001  3000
ilr.fac1[1,2]   0.000   0.000  0.000  0.000  0.000  0.000  0.000 1.000     1
ilr.fac1[2,2]   1.028   0.460  0.067  0.742  1.033  1.328  1.908 1.002  1600
ilr.fac1[3,2]   0.608   0.447 -0.343  0.342  0.626  0.893  1.472 1.002  1700
ilr.fac2[1,1]   0.036   1.050 -2.019 -0.467  0.040  0.547  1.855 1.018   480
ilr.fac2[2,1]  -0.290   1.275 -2.865 -0.916 -0.270  0.359  2.137 1.007  1200
ilr.fac2[3,1]  -0.568   1.239 -3.370 -1.137 -0.437  0.132  1.395 1.011   630
ilr.fac2[4,1]   0.912   0.918 -0.678  0.335  0.837  1.412  2.931 1.004   770
ilr.fac2[5,1]   0.017   1.373 -2.717 -0.716  0.015  0.741  2.625 1.001  3000
ilr.fac2[6,1]   0.257   1.331 -2.328 -0.399  0.243  0.914  2.840 1.002  3000
ilr.fac2[7,1]  -0.489   1.285 -3.096 -1.112 -0.427  0.177  1.853 1.001  3000
ilr.fac2[8,1]   0.088   1.368 -2.549 -0.657  0.048  0.809  2.853 1.006   850
ilr.fac2[1,2]   0.140   0.788 -1.422 -0.164  0.230  0.574  1.276 1.023   800
ilr.fac2[2,2]  -0.818   1.053 -3.461 -1.198 -0.625 -0.179  0.575 1.017   310
ilr.fac2[3,2]  -0.425   0.963 -2.941 -0.774 -0.256  0.142  0.876 1.008   930
ilr.fac2[4,2]   1.649   0.769  0.284  1.186  1.596  2.065  3.251 1.002  3000
ilr.fac2[5,2]  -0.580   1.411 -3.916 -1.063 -0.309  0.268  1.158 1.003  1100
ilr.fac2[6,2]  -2.026   1.383 -5.694 -2.510 -1.716 -1.146 -0.400 1.006   510
ilr.fac2[7,2]  -1.272   1.355 -4.507 -1.696 -1.014 -0.479  0.274 1.010  1000
ilr.fac2[8,2]  -0.865   1.440 -4.295 -1.371 -0.572 -0.009  0.907 1.006   840
ilr.global[1]  -0.065   0.831 -1.796 -0.578 -0.043  0.461  1.517 1.002  1300
ilr.global[2]  -2.182   0.572 -3.336 -2.539 -2.169 -1.812 -1.031 1.003   890
loglik[1]      -1.453   0.578 -2.911 -1.734 -1.359 -1.056 -0.634 1.007   540
loglik[2]      -0.427   0.329 -1.130 -0.605 -0.402 -0.217  0.133 1.004   750
loglik[3]      -0.273   0.293 -0.878 -0.457 -0.262 -0.079  0.261 1.002  1300
loglik[4]      -0.784   0.407 -1.666 -1.019 -0.752 -0.513 -0.085 1.002  1800
loglik[5]      -1.731   0.832 -3.957 -2.079 -1.534 -1.166 -0.650 1.001  3000
loglik[6]      -2.364   0.813 -4.155 -2.843 -2.311 -1.776 -0.995 1.000  3000
loglik[7]      -1.042   0.604 -2.240 -1.473 -1.026 -0.584  0.048 1.001  3000
loglik[8]      -0.349   0.585 -1.751 -0.664 -0.237  0.074  0.521 1.001  3000
loglik[9]      -0.596   0.794 -2.544 -1.016 -0.424 -0.028  0.570 1.001  3000
loglik[10]     -2.048   1.357 -5.212 -2.864 -1.808 -0.987 -0.177 1.003  1300
loglik[11]     -0.388   0.618 -1.759 -0.772 -0.311  0.052  0.604 1.001  3000
loglik[12]     -1.533   0.906 -3.418 -2.135 -1.488 -0.857  0.000 1.001  2200
loglik[13]     -0.860   0.677 -2.619 -1.135 -0.738 -0.415  0.083 1.002  1400
loglik[14]     -1.131   1.032 -3.330 -1.854 -1.030 -0.297  0.463 1.004   660
loglik[15]     -0.813   0.777 -2.903 -1.137 -0.615 -0.293  0.180 1.001  3000
loglik[16]     -0.505   0.679 -2.062 -0.914 -0.368 -0.006  0.486 1.001  3000
loglik[17]     -0.510   0.741 -2.223 -0.948 -0.420  0.021  0.627 1.001  3000
loglik[18]     -0.623   0.603 -1.851 -0.997 -0.602 -0.218  0.444 1.002  1000
loglik[19]     -0.676   0.610 -2.043 -1.021 -0.640 -0.255  0.391 1.005   580
loglik[20]     -0.473   0.460 -1.544 -0.629 -0.405 -0.210  0.129 1.005  3000
loglik[21]     -1.849   0.890 -3.883 -2.366 -1.754 -1.216 -0.379 1.003   710
loglik[22]     -1.489   0.854 -3.725 -1.865 -1.305 -0.913 -0.345 1.001  3000
loglik[23]     -0.391   0.406 -1.313 -0.603 -0.352 -0.121  0.269 1.002  1300
loglik[24]     -0.888   0.388 -1.703 -1.130 -0.875 -0.621 -0.182 1.001  2600
loglik[25]     -0.351   0.449 -1.323 -0.559 -0.311 -0.078  0.339 1.001  3000
loglik[26]     -0.805   0.842 -2.963 -1.187 -0.643 -0.223  0.342 1.002  1900
loglik[27]     -1.210   0.493 -2.291 -1.471 -1.158 -0.881 -0.383 1.001  2400
loglik[28]     -0.587   0.379 -1.357 -0.815 -0.564 -0.338  0.068 1.004  1000
p.fac1[1,1]     0.076   0.065  0.008  0.033  0.060  0.097  0.249 1.001  3000
p.fac1[2,1]     0.188   0.135  0.017  0.090  0.161  0.249  0.544 1.001  3000
p.fac1[3,1]     0.072   0.071  0.005  0.026  0.052  0.091  0.259 1.001  2600
p.fac1[1,2]     0.082   0.071  0.010  0.037  0.064  0.102  0.271 1.003   700
p.fac1[2,2]     0.195   0.144  0.018  0.094  0.163  0.254  0.599 1.002  1100
p.fac1[3,2]     0.245   0.149  0.032  0.140  0.221  0.316  0.631 1.001  3000
p.fac1[1,3]     0.842   0.096  0.597  0.800  0.864  0.906  0.963 1.026   420
p.fac1[2,3]     0.617   0.167  0.220  0.519  0.637  0.733  0.888 1.020   360
p.fac1[3,3]     0.683   0.155  0.295  0.600  0.707  0.790  0.920 1.016   730
p.global[1]     0.076   0.065  0.008  0.033  0.060  0.097  0.249 1.001  3000
p.global[2]     0.082   0.071  0.010  0.037  0.064  0.102  0.271 1.003   700
p.global[3]     0.842   0.096  0.597  0.800  0.864  0.906  0.963 1.026   420
resid.prop[1]   3.530   1.990  0.996  2.182  3.122  4.358  8.311 1.001  3000
resid.prop[2]   0.866   0.662  0.197  0.458  0.691  1.056  2.580 1.004   580
deviance       52.300  10.957 33.564 44.550 51.175 58.870 77.595 1.002  1700

For each parameter, n.eff is a crude measure of effective sample size,
and Rhat is the potential scale reduction factor (at convergence, Rhat=1).

DIC info (using the rule, pD = var(deviance)/2)
pD = 60.0 and DIC = 112.3
DIC is an estimate of expected predictive error (lower deviance is better).

[[4]]
Inference for Bugs model at "MixSIAR_model_4.txt", fit using jags,
 3 chains, each with 1e+05 iterations (first 50000 discarded), n.thin = 50
 n.sims = 3000 iterations saved
              mu.vect sd.vect    2.5%     25%    50%    75%  97.5%  Rhat n.eff
fac1.sig        5.396   5.588   0.319   1.084  2.671  8.649 18.806 1.030    73
ilr.cont1[1]    3.116   5.229  -2.324   0.279  1.324  3.713 17.440 1.145    32
ilr.cont1[2]    3.243   3.872   0.090   1.015  1.708  3.700 14.041 1.131    38
ilr.fac1[1,1]  -0.230   5.703 -13.861  -1.243  0.138  1.175 12.010 1.023   660
ilr.fac1[2,1]  -1.349   4.882 -13.034  -2.597 -0.255  0.518  8.284 1.084    42
ilr.fac1[3,1]  -4.032   6.328 -21.740  -5.823 -1.639 -0.467  1.324 1.094    49
ilr.fac1[1,2]  -6.961   8.281 -29.743 -10.010 -3.212 -1.241 -0.126 1.040    80
ilr.fac1[2,2]  -3.515   5.358 -19.737  -4.974 -1.357 -0.123  0.797 1.023   100
ilr.fac1[3,2]  -4.166   6.822 -21.917  -5.874 -1.539 -0.146  0.803 1.052    89
ilr.global[1]  -0.669   1.254  -3.212  -1.421 -0.658  0.143  1.757 1.005   570
ilr.global[2]  -1.079   1.212  -3.180  -1.908 -1.220 -0.380  1.629 1.009   270
loglik[1]      -1.911   0.553  -3.238  -2.177 -1.820 -1.522 -1.102 1.010   410
loglik[2]      -0.857   0.296  -1.435  -1.032 -0.845 -0.667 -0.341 1.004   520
loglik[3]      -0.682   0.291  -1.266  -0.861 -0.681 -0.485 -0.137 1.003   910
loglik[4]      -1.139   0.341  -1.897  -1.330 -1.112 -0.925 -0.540 1.001  3000
loglik[5]      -1.411   0.348  -2.178  -1.611 -1.385 -1.182 -0.777 1.003   720
loglik[6]      -3.083   0.838  -4.990  -3.573 -2.975 -2.496 -1.717 1.002  1900
loglik[7]      -1.606   0.535  -2.705  -1.936 -1.595 -1.234 -0.653 1.002  1500
loglik[8]      -0.729   0.562  -2.073  -0.986 -0.599 -0.340  0.071 1.009   380
loglik[9]      -0.849   0.693  -2.575  -1.131 -0.655 -0.375  0.055 1.012   290
loglik[10]     -2.100   0.719  -3.773  -2.488 -2.033 -1.612 -0.843 1.005   590
loglik[11]     -1.050   0.587  -2.385  -1.396 -0.947 -0.614 -0.163 1.009   240
loglik[12]     -1.583   0.707  -3.129  -2.039 -1.508 -1.065 -0.451 1.004   940
loglik[13]     -1.547   0.767  -3.392  -1.993 -1.368 -0.973 -0.519 1.006   390
loglik[14]     -1.423   0.703  -2.917  -1.871 -1.341 -0.900 -0.293 1.002  3000
loglik[15]     -2.069   0.983  -4.375  -2.639 -1.944 -1.337 -0.605 1.003   920
loglik[16]     -0.517   0.491  -1.813  -0.711 -0.430 -0.194  0.186 1.006  1000
loglik[17]     -1.114   0.711  -3.087  -1.389 -0.996 -0.659 -0.120 1.005  1400
loglik[18]     -1.469   0.665  -2.951  -1.861 -1.386 -1.020 -0.313 1.006   390
loglik[19]     -1.821   0.802  -3.634  -2.290 -1.699 -1.253 -0.511 1.008   280
loglik[20]     -0.731   0.251  -1.233  -0.893 -0.729 -0.559 -0.249 1.003   700
loglik[21]     -1.762   0.809  -3.690  -2.232 -1.625 -1.176 -0.549 1.001  3000
loglik[22]     -0.998   0.309  -1.644  -1.184 -0.982 -0.794 -0.443 1.001  3000
loglik[23]     -0.929   0.436  -2.050  -1.115 -0.860 -0.650 -0.287 1.002  1100
loglik[24]     -1.162   0.312  -1.760  -1.364 -1.157 -0.956 -0.580 1.003   740
loglik[25]     -0.601   0.269  -1.133  -0.773 -0.607 -0.413 -0.089 1.001  3000
loglik[26]     -1.957   0.908  -4.037  -2.479 -1.882 -1.336 -0.439 1.007   840
loglik[27]     -1.278   0.313  -1.906  -1.485 -1.268 -1.073 -0.664 1.002  1200
loglik[28]     -1.135   0.400  -2.188  -1.310 -1.077 -0.872 -0.532 1.002  2000
p.fac1[1,1]     0.015   0.027   0.000   0.000  0.002  0.017  0.096 1.048    73
p.fac1[2,1]     0.049   0.075   0.000   0.000  0.014  0.072  0.248 1.096    42
p.fac1[3,1]     0.021   0.038   0.000   0.000  0.004  0.027  0.117 1.066    56
p.fac1[1,2]     0.029   0.039   0.000   0.000  0.011  0.049  0.128 1.035   120
p.fac1[2,2]     0.111   0.076   0.000   0.049  0.115  0.166  0.254 1.006  3000
p.fac1[3,2]     0.191   0.109   0.000   0.109  0.208  0.272  0.376 1.073   210
p.fac1[1,3]     0.956   0.053   0.823   0.926  0.978  1.000  1.000 1.014   160
p.fac1[2,3]     0.840   0.110   0.614   0.771  0.840  0.921  1.000 1.011   190
p.fac1[3,3]     0.788   0.120   0.577   0.704  0.773  0.869  1.000 1.008   340
p.global[1]     0.163   0.181   0.003   0.032  0.091  0.232  0.671 1.010   240
p.global[2]     0.276   0.207   0.024   0.119  0.215  0.386  0.791 1.007   590
p.global[3]     0.561   0.257   0.049   0.357  0.618  0.778  0.924 1.017   650
p.ind[1,1]      0.015   0.057   0.000   0.000  0.000  0.005  0.132 1.151    33
p.ind[2,1]      0.015   0.057   0.000   0.000  0.000  0.005  0.132 1.151    33
p.ind[3,1]      0.005   0.017   0.000   0.000  0.000  0.002  0.048 1.131    35
p.ind[4,1]      0.005   0.017   0.000   0.000  0.000  0.002  0.048 1.131    35
p.ind[5,1]      0.008   0.018   0.000   0.000  0.000  0.006  0.063 1.113    39
p.ind[6,1]      0.008   0.018   0.000   0.000  0.000  0.006  0.063 1.113    39
p.ind[7,1]      0.008   0.018   0.000   0.000  0.000  0.006  0.063 1.113    39
p.ind[8,1]      0.040   0.059   0.000   0.000  0.013  0.062  0.188 1.039   100
p.ind[9,1]      0.040   0.059   0.000   0.000  0.013  0.062  0.188 1.039   100
p.ind[10,1]     0.087   0.103   0.000   0.002  0.047  0.142  0.333 1.029    81
p.ind[11,1]     0.087   0.103   0.000   0.002  0.047  0.142  0.333 1.029    81
p.ind[12,1]     0.168   0.137   0.000   0.053  0.148  0.253  0.475 1.031   950
p.ind[13,1]     0.168   0.137   0.000   0.053  0.148  0.253  0.475 1.031   950
p.ind[14,1]     0.206   0.146   0.000   0.091  0.196  0.296  0.519 1.034   720
p.ind[15,1]     0.091   0.108   0.000   0.004  0.056  0.142  0.363 1.038   710
p.ind[16,1]     0.091   0.108   0.000   0.004  0.056  0.142  0.363 1.038   710
p.ind[17,1]     0.129   0.147   0.000   0.006  0.083  0.201  0.520 1.041  1600
p.ind[18,1]     0.298   0.204   0.000   0.143  0.287  0.427  0.740 1.036   360
p.ind[19,1]     0.298   0.204   0.000   0.143  0.287  0.427  0.740 1.036   360
p.ind[20,1]     0.008   0.019   0.000   0.000  0.001  0.007  0.067 1.083    50
p.ind[21,1]     0.168   0.137   0.000   0.053  0.148  0.253  0.475 1.031   950
p.ind[22,1]     0.029   0.044   0.000   0.000  0.009  0.044  0.150 1.013   190
p.ind[23,1]     0.084   0.093   0.000   0.004  0.054  0.138  0.320 1.001  3000
p.ind[24,1]     0.004   0.016   0.000   0.000  0.000  0.001  0.036 1.126    37
p.ind[25,1]     0.040   0.055   0.000   0.000  0.015  0.063  0.181 1.005   410
p.ind[26,1]     0.136   0.160   0.000   0.005  0.078  0.213  0.566 1.001  3000
p.ind[27,1]     0.006   0.015   0.000   0.000  0.000  0.003  0.050 1.105    42
p.ind[28,1]     0.066   0.079   0.000   0.002  0.038  0.106  0.274 1.001  3000
p.ind[1,2]      0.036   0.039   0.000   0.002  0.024  0.058  0.132 1.011   790
p.ind[2,2]      0.036   0.039   0.000   0.002  0.024  0.058  0.132 1.011   790
p.ind[3,2]      0.069   0.064   0.000   0.009  0.056  0.112  0.216 1.044   200
p.ind[4,2]      0.069   0.064   0.000   0.009  0.056  0.112  0.216 1.044   200
p.ind[5,2]      0.109   0.083   0.000   0.029  0.106  0.173  0.278 1.053   190
p.ind[6,2]      0.109   0.083   0.000   0.029  0.106  0.173  0.278 1.053   190
p.ind[7,2]      0.109   0.083   0.000   0.029  0.106  0.173  0.278 1.053   190
p.ind[8,2]      0.248   0.117   0.000   0.186  0.268  0.329  0.432 1.087   230
p.ind[9,2]      0.248   0.117   0.000   0.186  0.268  0.329  0.432 1.087   230
p.ind[10,2]     0.148   0.087   0.000   0.089  0.159  0.211  0.295 1.006  3000
p.ind[11,2]     0.148   0.087   0.000   0.089  0.159  0.211  0.295 1.006  3000
p.ind[12,2]     0.186   0.095   0.000   0.133  0.200  0.252  0.343 1.006  3000
p.ind[13,2]     0.186   0.095   0.000   0.133  0.200  0.252  0.343 1.006  3000
p.ind[14,2]     0.192   0.099   0.000   0.138  0.205  0.261  0.362 1.006  3000
p.ind[15,2]     0.312   0.111   0.000   0.264  0.326  0.380  0.492 1.100   270
p.ind[16,2]     0.312   0.111   0.000   0.264  0.326  0.380  0.492 1.100   270
p.ind[17,2]     0.326   0.116   0.000   0.275  0.339  0.397  0.518 1.103   270
p.ind[18,2]     0.194   0.109   0.000   0.126  0.204  0.268  0.390 1.005  3000
p.ind[19,2]     0.194   0.109   0.000   0.126  0.204  0.268  0.390 1.005  3000
p.ind[20,2]     0.021   0.030   0.000   0.000  0.006  0.034  0.101 1.035   110
p.ind[21,2]     0.186   0.095   0.000   0.133  0.200  0.252  0.343 1.006  3000
p.ind[22,2]     0.040   0.049   0.000   0.000  0.017  0.070  0.157 1.035   120
p.ind[23,2]     0.053   0.062   0.000   0.000  0.027  0.093  0.203 1.034   120
p.ind[24,2]     0.010   0.017   0.000   0.000  0.001  0.013  0.059 1.033   120
p.ind[25,2]     0.044   0.053   0.000   0.000  0.021  0.077  0.169 1.035   120
p.ind[26,2]     0.056   0.067   0.000   0.000  0.028  0.099  0.220 1.035   120
p.ind[27,2]     0.016   0.024   0.000   0.000  0.003  0.023  0.081 1.034   120
p.ind[28,2]     0.051   0.060   0.000   0.000  0.025  0.090  0.193 1.034   120
p.ind[1,3]      0.948   0.069   0.799   0.926  0.965  0.995  1.000 1.196  3000
p.ind[2,3]      0.948   0.069   0.799   0.926  0.965  0.995  1.000 1.196  3000
p.ind[3,3]      0.926   0.067   0.773   0.882  0.939  0.987  1.000 1.004   630
p.ind[4,3]      0.926   0.067   0.773   0.882  0.939  0.987  1.000 1.004   630
 [ reached getOption("max.print") -- omitted 27 rows ]

For each parameter, n.eff is a crude measure of effective sample size,
and Rhat is the potential scale reduction factor (at convergence, Rhat=1).

DIC info (using the rule, pD = var(deviance)/2)
pD = 29.8 and DIC = 104.8
DIC is an estimate of expected predictive error (lower deviance is better).

[[1]]
[1] 3

[[2]]
[1] "Algae"  "Plants" "POM"   

[[3]]
    MeanLD1     MeanLD2
1 -2.440130  1.44158956
3  3.968215  0.04721275
2 -2.215122 -1.68080418

[[4]]
      SDLD1     SDLD2
1 1.3506330 1.1272876
3 0.7753164 0.9896769
2 0.7555778 0.8467279

[[5]]
NULL

[[6]]
      SDLD1     SDLD2
1 1.8242095 1.2707774
3 0.6011155 0.9794604
2 0.5708977 0.7169482

[[7]]
[1]  9 10  8

[[8]]
[1] NA

[[9]]
[1] "means"

[[10]]
[1] FALSE

[[1]]
[1] 3

[[2]]
[1] "Algae"  "Plants" "POM"   

[[3]]
    MeanLD1     MeanLD2
1 -2.440130  1.44158956
3  3.968215  0.04721275
2 -2.215122 -1.68080418

[[4]]
      SDLD1     SDLD2
1 1.3506330 1.1272876
3 0.7753164 0.9896769
2 0.7555778 0.8467279

[[5]]
NULL

[[6]]
      SDLD1     SDLD2
1 1.8242095 1.2707774
3 0.6011155 0.9794604
2 0.5708977 0.7169482

[[7]]
[1]  9 10  8

[[8]]
[1] NA

[[9]]
[1] "means"

[[10]]
[1] FALSE

[[1]]
[1] 3

[[2]]
[1] "Algae"  "Plants" "POM"   

[[3]]
    MeanLD1     MeanLD2
1 -2.440130  1.44158956
3  3.968215  0.04721275
2 -2.215122 -1.68080418

[[4]]
      SDLD1     SDLD2
1 1.3506330 1.1272876
3 0.7753164 0.9896769
2 0.7555778 0.8467279

[[5]]
NULL

[[6]]
      SDLD1     SDLD2
1 1.8242095 1.2707774
3 0.6011155 0.9794604
2 0.5708977 0.7169482

[[7]]
[1]  9 10  8

[[8]]
[1] NA

[[9]]
[1] "means"

[[10]]
[1] FALSE

[[1]]
[1] 3

[[2]]
[1] "Algae"  "Plants" "POM"   

[[3]]
    MeanLD1     MeanLD2
1 -2.440130  1.44158956
3  3.968215  0.04721275
2 -2.215122 -1.68080418

[[4]]
      SDLD1     SDLD2
1 1.3506330 1.1272876
3 0.7753164 0.9896769
2 0.7555778 0.8467279

[[5]]
NULL

[[6]]
      SDLD1     SDLD2
1 1.8242095 1.2707774
3 0.6011155 0.9794604
2 0.5708977 0.7169482

[[7]]
[1]  9 10  8

[[8]]
[1] NA

[[9]]
[1] "means"

[[10]]
[1] FALSE

Compiling model graph
   Resolving undeclared variables
   Allocating nodes
Graph information:
   Observed stochastic nodes: 28
   Unobserved stochastic nodes: 15
   Total graph size: 3971

Initializing model

  |                                                          |                                                  |   0%  |                                                          |++                                                |   4%  |                                                          |++++                                              |   8%  |                                                          |++++++                                            |  12%  |                                                          |++++++++                                          |  16%  |                                                          |++++++++++                                        |  20%  |                                                          |++++++++++++                                      |  24%  |                                                          |++++++++++++++                                    |  28%  |                                                          |++++++++++++++++                                  |  32%  |                                                          |++++++++++++++++++                                |  36%  |                                                          |++++++++++++++++++++                              |  40%  |                                                          |++++++++++++++++++++++                            |  44%  |                                                          |++++++++++++++++++++++++                          |  48%  |                                                          |++++++++++++++++++++++++++                        |  52%  |                                                          |++++++++++++++++++++++++++++                      |  56%  |                                                          |++++++++++++++++++++++++++++++                    |  60%  |                                                          |++++++++++++++++++++++++++++++++                  |  64%  |                                                          |++++++++++++++++++++++++++++++++++                |  68%  |                                                          |++++++++++++++++++++++++++++++++++++              |  72%  |                                                          |++++++++++++++++++++++++++++++++++++++            |  76%  |                                                          |++++++++++++++++++++++++++++++++++++++++          |  80%  |                                                          |++++++++++++++++++++++++++++++++++++++++++        |  84%  |                                                          |++++++++++++++++++++++++++++++++++++++++++++      |  88%  |                                                          |++++++++++++++++++++++++++++++++++++++++++++++    |  92%  |                                                          |++++++++++++++++++++++++++++++++++++++++++++++++  |  96%  |                                                          |++++++++++++++++++++++++++++++++++++++++++++++++++| 100%
  |                                                          |                                                  |   0%  |                                                          |**                                                |   4%  |                                                          |****                                              |   8%  |                                                          |******                                            |  12%  |                                                          |********                                          |  16%  |                                                          |**********                                        |  20%  |                                                          |************                                      |  24%  |                                                          |**************                                    |  28%  |                                                          |****************                                  |  32%  |                                                          |******************                                |  36%  |                                                          |********************                              |  40%  |                                                          |**********************                            |  44%  |                                                          |************************                          |  48%  |                                                          |**************************                        |  52%  |                                                          |****************************                      |  56%  |                                                          |******************************                    |  60%  |                                                          |********************************                  |  64%  |                                                          |**********************************                |  68%  |                                                          |************************************              |  72%  |                                                          |**************************************            |  76%  |                                                          |****************************************          |  80%  |                                                          |******************************************        |  84%  |                                                          |********************************************      |  88%  |                                                          |**********************************************    |  92%  |                                                          |************************************************  |  96%  |                                                          |**************************************************| 100%

################################################################################
# Gelman-Rubin Diagnostic
################################################################################

Generally the Gelman diagnostic should be < 1.05

Out of 34 variables: 10 > 1.01
                      1 > 1.05
                      0 > 1.1

The worst variables are:
              Point est. Upper C.I.
p.global[2]     1.053274   1.167253
p.global[1]     1.033696   1.058634
deviance        1.020232   1.040911
p.global[3]     1.019180   1.056084
loglik[11]      1.019122   1.060620
loglik[17]      1.014636   1.052827
loglik[9]       1.013993   1.048591
loglik[1]       1.012831   1.040584
loglik[16]      1.012795   1.041129
resid.prop[1]   1.012596   1.038331

################################################################################
# Geweke Diagnostic
################################################################################

The Geweke diagnostic is a standard z-score, so we'd expect 5% to be outside +/-1.96
Number of variables outside +/-1.96 in each chain (out of 34):

       Chain 1 Chain 2 Chain 3
Geweke       3       4      17

################################################################################
# Summary Statistics
################################################################################

DIC = 104.5718

                 Mean    SD  2.5%    5%   25%   50%   75%    95%  97.5%
Epsilon.1       5.690 2.970 1.507 1.944 3.510 5.194 7.213 11.581 13.367
Epsilon.2       3.752 1.987 1.212 1.438 2.356 3.270 4.631  7.598  8.478
p.global.Algae  0.065 0.050 0.005 0.006 0.025 0.052 0.098  0.162  0.174
p.global.Plants 0.146 0.051 0.036 0.051 0.113 0.150 0.180  0.230  0.243
p.global.POM    0.789 0.065 0.675 0.691 0.745 0.785 0.837  0.897  0.919
Compiling model graph
   Resolving undeclared variables
   Allocating nodes
Graph information:
   Observed stochastic nodes: 28
   Unobserved stochastic nodes: 32
   Total graph size: 4195

Initializing model

  |                                                          |                                                  |   0%  |                                                          |++                                                |   4%  |                                                          |++++                                              |   8%  |                                                          |++++++                                            |  12%  |                                                          |++++++++                                          |  16%  |                                                          |++++++++++                                        |  20%  |                                                          |++++++++++++                                      |  24%  |                                                          |++++++++++++++                                    |  28%  |                                                          |++++++++++++++++                                  |  32%  |                                                          |++++++++++++++++++                                |  36%  |                                                          |++++++++++++++++++++                              |  40%  |                                                          |++++++++++++++++++++++                            |  44%  |                                                          |++++++++++++++++++++++++                          |  48%  |                                                          |++++++++++++++++++++++++++                        |  52%  |                                                          |++++++++++++++++++++++++++++                      |  56%  |                                                          |++++++++++++++++++++++++++++++                    |  60%  |                                                          |++++++++++++++++++++++++++++++++                  |  64%  |                                                          |++++++++++++++++++++++++++++++++++                |  68%  |                                                          |++++++++++++++++++++++++++++++++++++              |  72%  |                                                          |++++++++++++++++++++++++++++++++++++++            |  76%  |                                                          |++++++++++++++++++++++++++++++++++++++++          |  80%  |                                                          |++++++++++++++++++++++++++++++++++++++++++        |  84%  |                                                          |++++++++++++++++++++++++++++++++++++++++++++      |  88%  |                                                          |++++++++++++++++++++++++++++++++++++++++++++++    |  92%  |                                                          |++++++++++++++++++++++++++++++++++++++++++++++++  |  96%  |                                                          |++++++++++++++++++++++++++++++++++++++++++++++++++| 100%
  |                                                          |                                                  |   0%  |                                                          |**                                                |   4%  |                                                          |****                                              |   8%  |                                                          |******                                            |  12%  |                                                          |********                                          |  16%  |                                                          |**********                                        |  20%  |                                                          |************                                      |  24%  |                                                          |**************                                    |  28%  |                                                          |****************                                  |  32%  |                                                          |******************                                |  36%  |                                                          |********************                              |  40%  |                                                          |**********************                            |  44%  |                                                          |************************                          |  48%  |                                                          |**************************                        |  52%  |                                                          |****************************                      |  56%  |                                                          |******************************                    |  60%  |                                                          |********************************                  |  64%  |                                                          |**********************************                |  68%  |                                                          |************************************              |  72%  |                                                          |**************************************            |  76%  |                                                          |****************************************          |  80%  |                                                          |******************************************        |  84%  |                                                          |********************************************      |  88%  |                                                          |**********************************************    |  92%  |                                                          |************************************************  |  96%  |                                                          |**************************************************| 100%

################################################################################
# Gelman-Rubin Diagnostic
################################################################################

Generally the Gelman diagnostic should be < 1.05

Out of 64 variables: 23 > 1.01
                      6 > 1.05
                      0 > 1.1

The worst variables are:
              Point est. Upper C.I.
ilr.fac2[3,1]   1.077902   1.169938
ilr.global[2]   1.076599   1.217584
ilr.global[1]   1.076592   1.215025
p.fac1[1,1]     1.075977   1.196624
p.global[1]     1.075977   1.196624
ilr.fac1[3,2]   1.055262   1.161240
ilr.fac2[1,2]   1.048215   1.129313
p.fac1[3,1]     1.040525   1.120920
p.fac1[1,3]     1.039525   1.105340
p.global[3]     1.039525   1.105340

################################################################################
# Geweke Diagnostic
################################################################################

The Geweke diagnostic is a standard z-score, so we'd expect 5% to be outside +/-1.96
Number of variables outside +/-1.96 in each chain (out of 64):

       Chain 1 Chain 2 Chain 3
Geweke      11      33       5

################################################################################
# Summary Statistics
################################################################################

DIC = 103.6342

                                      Mean    SD  2.5%    5%   25%   50%   75%   95%  97.5%
Epsilon.1                            4.711 2.276 1.616 1.971 3.113 4.269 5.762 8.971 10.342
Epsilon.2                            3.371 1.877 0.904 1.198 2.078 2.958 4.202 7.057  8.435
orig.class.SD                        0.775 0.664 0.031 0.044 0.249 0.602 1.138 2.070  2.371
p.>350um.Algae                       0.071 0.071 0.002 0.002 0.013 0.054 0.103 0.206  0.268
p.cladocera.Algae                    0.096 0.110 0.001 0.001 0.013 0.051 0.143 0.332  0.388
p.copepoda.Algae                     0.041 0.049 0.001 0.001 0.010 0.025 0.055 0.141  0.167
p.>350um.Plants                      0.143 0.072 0.026 0.045 0.089 0.129 0.196 0.256  0.270
p.cladocera.Plants                   0.136 0.099 0.010 0.014 0.064 0.123 0.182 0.310  0.376
p.copepoda.Plants                    0.213 0.115 0.025 0.037 0.129 0.213 0.280 0.404  0.463
p.>350um.POM                         0.786 0.097 0.579 0.612 0.730 0.799 0.863 0.911  0.926
p.cladocera.POM                      0.768 0.140 0.433 0.499 0.683 0.792 0.868 0.957  0.972
p.copepoda.POM                       0.746 0.119 0.489 0.540 0.677 0.749 0.829 0.927  0.947
p.>350um.>350um.Algae                0.041 0.045 0.001 0.001 0.006 0.024 0.060 0.136  0.168
p.>350um.>350um.Plants               0.076 0.052 0.001 0.003 0.032 0.073 0.113 0.163  0.187
p.>350um.>350um.POM                  0.883 0.068 0.730 0.765 0.841 0.887 0.932 0.988  0.995
p.cladocera.Daphnia.Algae            0.086 0.099 0.000 0.001 0.010 0.046 0.137 0.291  0.347
p.cladocera.Daphnia.Plants           0.125 0.067 0.006 0.014 0.075 0.125 0.173 0.237  0.263
p.cladocera.Daphnia.POM              0.788 0.109 0.540 0.578 0.727 0.798 0.862 0.951  0.970
p.cladocera.Ceriodaphnia.Algae       0.166 0.202 0.000 0.001 0.011 0.077 0.260 0.591  0.703
p.cladocera.Ceriodaphnia.Plants      0.170 0.141 0.004 0.007 0.067 0.141 0.235 0.446  0.513
p.cladocera.Ceriodaphnia.POM         0.664 0.235 0.123 0.196 0.508 0.719 0.849 0.962  0.983
p.cladocera.Holopedium.Algae         0.102 0.132 0.000 0.001 0.008 0.043 0.150 0.385  0.453
p.cladocera.Holopedium.Plants        0.108 0.087 0.001 0.004 0.041 0.094 0.156 0.255  0.304
p.cladocera.Holopedium.POM           0.790 0.153 0.408 0.493 0.709 0.821 0.901 0.982  0.992
p.copepoda.calanoid.Algae            0.028 0.034 0.000 0.000 0.005 0.015 0.040 0.098  0.126
p.copepoda.calanoid.Plants           0.196 0.085 0.023 0.042 0.137 0.204 0.257 0.331  0.354
p.copepoda.calanoid.POM              0.775 0.092 0.614 0.634 0.707 0.769 0.838 0.941  0.968
p.copepoda.calanoid_cyclopoid.Algae  0.041 0.048 0.000 0.001 0.007 0.024 0.057 0.142  0.177
p.copepoda.calanoid_cyclopoid.Plants 0.264 0.085 0.077 0.115 0.215 0.267 0.320 0.397  0.427
p.copepoda.calanoid_cyclopoid.POM    0.696 0.096 0.506 0.537 0.633 0.696 0.754 0.858  0.901
Compiling model graph
   Resolving undeclared variables
   Allocating nodes
Graph information:
   Observed stochastic nodes: 28
   Unobserved stochastic nodes: 36
   Total graph size: 4307

Initializing model

  |                                                          |                                                  |   0%  |                                                          |++                                                |   4%  |                                                          |++++                                              |   8%  |                                                          |++++++                                            |  12%  |                                                          |++++++++                                          |  16%  |                                                          |++++++++++                                        |  20%  |                                                          |++++++++++++                                      |  24%  |                                                          |++++++++++++++                                    |  28%  |                                                          |++++++++++++++++                                  |  32%  |                                                          |++++++++++++++++++                                |  36%  |                                                          |++++++++++++++++++++                              |  40%  |                                                          |++++++++++++++++++++++                            |  44%  |                                                          |++++++++++++++++++++++++                          |  48%  |                                                          |++++++++++++++++++++++++++                        |  52%  |                                                          |++++++++++++++++++++++++++++                      |  56%  |                                                          |++++++++++++++++++++++++++++++                    |  60%  |                                                          |++++++++++++++++++++++++++++++++                  |  64%  |                                                          |++++++++++++++++++++++++++++++++++                |  68%  |                                                          |++++++++++++++++++++++++++++++++++++              |  72%  |                                                          |++++++++++++++++++++++++++++++++++++++            |  76%  |                                                          |++++++++++++++++++++++++++++++++++++++++          |  80%  |                                                          |++++++++++++++++++++++++++++++++++++++++++        |  84%  |                                                          |++++++++++++++++++++++++++++++++++++++++++++      |  88%  |                                                          |++++++++++++++++++++++++++++++++++++++++++++++    |  92%  |                                                          |++++++++++++++++++++++++++++++++++++++++++++++++  |  96%  |                                                          |++++++++++++++++++++++++++++++++++++++++++++++++++| 100%
  |                                                          |                                                  |   0%  |                                                          |**                                                |   4%  |                                                          |****                                              |   8%  |                                                          |******                                            |  12%  |                                                          |********                                          |  16%  |                                                          |**********                                        |  20%  |                                                          |************                                      |  24%  |                                                          |**************                                    |  28%  |                                                          |****************                                  |  32%  |                                                          |******************                                |  36%  |                                                          |********************                              |  40%  |                                                          |**********************                            |  44%  |                                                          |************************                          |  48%  |                                                          |**************************                        |  52%  |                                                          |****************************                      |  56%  |                                                          |******************************                    |  60%  |                                                          |********************************                  |  64%  |                                                          |**********************************                |  68%  |                                                          |************************************              |  72%  |                                                          |**************************************            |  76%  |                                                          |****************************************          |  80%  |                                                          |******************************************        |  84%  |                                                          |********************************************      |  88%  |                                                          |**********************************************    |  92%  |                                                          |************************************************  |  96%  |                                                          |**************************************************| 100%

################################################################################
# Gelman-Rubin Diagnostic
################################################################################

Generally the Gelman diagnostic should be < 1.05

Out of 68 variables: 50 > 1.01
                      27 > 1.05
                      20 > 1.1

The worst variables are:
              Point est. Upper C.I.
p.fac1[1,3]     1.596702   2.655788
p.global[3]     1.596702   2.655788
p.fac1[1,2]     1.506780   3.472703
p.global[2]     1.506780   3.472703
ilr.global[2]   1.461355   2.340061
p.fac1[3,3]     1.365544   2.000428
p.fac1[2,3]     1.326680   1.868298
ilr.fac2[3,2]   1.290136   1.785738
p.fac1[3,2]     1.248960   1.784617
ilr.fac2[1,2]   1.240179   1.661397

################################################################################
# Geweke Diagnostic
################################################################################

The Geweke diagnostic is a standard z-score, so we'd expect 5% to be outside +/-1.96
Number of variables outside +/-1.96 in each chain (out of 68):

       Chain 1 Chain 2 Chain 3
Geweke      28      26      22

################################################################################
# Summary Statistics
################################################################################

DIC = 102.5628

                                 Mean    SD  2.5%    5%   25%   50%   75%   95% 97.5%
Epsilon.1                       3.466 1.861 1.010 1.216 2.163 3.096 4.359 7.214 8.263
Epsilon.2                       0.771 0.563 0.160 0.196 0.398 0.617 0.974 1.955 2.330
Lake.SD                         1.449 0.649 0.599 0.666 0.960 1.280 1.823 2.696 2.997
p.>350um.Algae                  0.069 0.056 0.004 0.005 0.032 0.053 0.096 0.180 0.215
p.cladocera.Algae               0.183 0.136 0.015 0.023 0.079 0.150 0.253 0.472 0.509
p.copepoda.Algae                0.073 0.073 0.004 0.007 0.024 0.049 0.098 0.235 0.278
p.>350um.Plants                 0.068 0.062 0.013 0.015 0.030 0.051 0.084 0.184 0.225
p.cladocera.Plants              0.187 0.135 0.021 0.036 0.093 0.159 0.246 0.442 0.543
p.copepoda.Plants               0.213 0.132 0.031 0.045 0.121 0.187 0.279 0.460 0.540
p.>350um.POM                    0.863 0.082 0.672 0.703 0.814 0.885 0.918 0.969 0.982
p.cladocera.POM                 0.630 0.166 0.271 0.327 0.523 0.644 0.751 0.878 0.908
p.copepoda.POM                  0.714 0.139 0.400 0.466 0.632 0.734 0.812 0.907 0.935
p.>350um.Sunrise2.Algae         0.056 0.079 0.000 0.001 0.008 0.031 0.076 0.183 0.224
p.>350um.Sunrise2.Plants        0.042 0.049 0.000 0.001 0.008 0.023 0.058 0.146 0.179
p.>350um.Sunrise2.POM           0.903 0.094 0.697 0.744 0.859 0.926 0.970 0.996 0.999
p.>350um.Blue.Algae             0.087 0.055 0.004 0.009 0.046 0.081 0.120 0.189 0.213
p.>350um.Blue.Plants            0.081 0.048 0.013 0.019 0.046 0.073 0.107 0.175 0.198
p.>350um.Blue.POM               0.832 0.065 0.693 0.711 0.790 0.836 0.880 0.927 0.946
p.>350um.EasternBrook.Algae     0.045 0.046 0.001 0.001 0.011 0.032 0.065 0.137 0.166
p.>350um.EasternBrook.Plants    0.069 0.045 0.007 0.012 0.036 0.061 0.094 0.152 0.179
p.>350um.EasternBrook.POM       0.886 0.058 0.758 0.778 0.851 0.895 0.928 0.964 0.974
p.>350um.Lukens.Algae           0.015 0.018 0.000 0.000 0.002 0.008 0.021 0.050 0.068
p.>350um.Lukens.Plants          0.009 0.012 0.000 0.000 0.002 0.005 0.012 0.031 0.042
p.>350um.Lukens.POM             0.976 0.023 0.916 0.930 0.966 0.984 0.993 0.999 0.999
p.>350um.Greenstone.Algae       0.067 0.080 0.000 0.001 0.010 0.039 0.101 0.220 0.262
p.>350um.Greenstone.Plants      0.063 0.071 0.000 0.001 0.013 0.038 0.088 0.208 0.244
p.>350um.Greenstone.POM         0.870 0.105 0.637 0.683 0.808 0.891 0.953 0.994 0.997
p.>350um.Granite2.Algae         0.422 0.157 0.108 0.156 0.325 0.419 0.523 0.682 0.762
p.>350um.Granite2.Plants        0.137 0.099 0.004 0.014 0.067 0.118 0.184 0.327 0.390
p.>350um.Granite2.POM           0.440 0.152 0.100 0.166 0.350 0.440 0.534 0.689 0.754
p.>350um.MayPond.Algae          0.020 0.025 0.000 0.000 0.004 0.011 0.026 0.069 0.088
p.>350um.MayPond.Plants         0.036 0.032 0.000 0.001 0.011 0.027 0.052 0.100 0.118
p.>350um.MayPond.POM            0.945 0.042 0.845 0.865 0.920 0.954 0.977 0.996 0.998
p.>350um.Cascade.Algae          0.031 0.032 0.000 0.001 0.007 0.022 0.046 0.093 0.111
p.>350um.Cascade.Plants         0.045 0.040 0.001 0.002 0.017 0.034 0.062 0.123 0.150
p.>350um.Cascade.POM            0.924 0.049 0.806 0.828 0.897 0.933 0.960 0.986 0.991
p.cladocera.Lukens.Algae        0.047 0.050 0.000 0.001 0.009 0.032 0.070 0.147 0.178
p.cladocera.Lukens.Plants       0.030 0.029 0.001 0.001 0.008 0.021 0.043 0.090 0.105
p.cladocera.Lukens.POM          0.923 0.061 0.773 0.805 0.888 0.937 0.971 0.994 0.997
p.cladocera.Blue.Algae          0.230 0.132 0.006 0.013 0.134 0.230 0.321 0.452 0.500
p.cladocera.Blue.Plants         0.211 0.108 0.031 0.050 0.136 0.199 0.277 0.399 0.471
p.cladocera.Blue.POM            0.559 0.118 0.347 0.380 0.479 0.551 0.630 0.771 0.817
p.cladocera.Cascade.Algae       0.093 0.080 0.001 0.002 0.025 0.074 0.140 0.243 0.285
p.cladocera.Cascade.Plants      0.137 0.091 0.004 0.008 0.062 0.129 0.202 0.298 0.329
p.cladocera.Cascade.POM         0.770 0.094 0.593 0.621 0.704 0.768 0.834 0.937 0.956
p.cladocera.EasternBrook.Algae  0.123 0.114 0.002 0.005 0.035 0.091 0.179 0.344 0.400
p.cladocera.EasternBrook.Plants 0.209 0.120 0.013 0.026 0.116 0.209 0.289 0.415 0.446
p.cladocera.EasternBrook.POM    0.668 0.122 0.426 0.476 0.583 0.666 0.752 0.873 0.913
p.cladocera.Granite2.Algae      0.599 0.168 0.258 0.343 0.492 0.592 0.706 0.884 0.927
p.cladocera.Granite2.Plants     0.210 0.129 0.005 0.015 0.109 0.204 0.301 0.432 0.479
p.cladocera.Granite2.POM        0.190 0.116 0.023 0.035 0.108 0.174 0.254 0.404 0.462
p.copepoda.Lukens.Algae         0.017 0.021 0.000 0.000 0.002 0.009 0.024 0.058 0.069
p.copepoda.Lukens.Plants        0.036 0.039 0.000 0.001 0.008 0.023 0.053 0.117 0.142
p.copepoda.Lukens.POM           0.947 0.048 0.824 0.851 0.923 0.960 0.983 0.997 0.999
p.copepoda.MayPond.Algae        0.019 0.023 0.000 0.000 0.004 0.011 0.027 0.064 0.086
p.copepoda.MayPond.Plants       0.130 0.095 0.001 0.003 0.046 0.123 0.195 0.303 0.336
p.copepoda.MayPond.POM          0.851 0.098 0.645 0.679 0.781 0.858 0.934 0.991 0.996
p.copepoda.Blue.Algae           0.089 0.070 0.003 0.006 0.034 0.073 0.130 0.227 0.259
p.copepoda.Blue.Plants          0.259 0.112 0.021 0.049 0.183 0.269 0.335 0.437 0.464
p.copepoda.Blue.POM             0.652 0.102 0.468 0.499 0.580 0.646 0.713 0.831 0.874
p.copepoda.EasternBrook.Algae   0.045 0.047 0.000 0.001 0.011 0.029 0.063 0.141 0.174
p.copepoda.EasternBrook.Plants  0.223 0.101 0.018 0.039 0.159 0.230 0.297 0.376 0.405
p.copepoda.EasternBrook.POM     0.732 0.096 0.559 0.585 0.664 0.727 0.794 0.907 0.937
p.copepoda.Granite2.Algae       0.349 0.178 0.056 0.080 0.219 0.335 0.460 0.668 0.742
p.copepoda.Granite2.Plants      0.349 0.171 0.010 0.036 0.242 0.360 0.457 0.624 0.681
p.copepoda.Granite2.POM         0.302 0.130 0.046 0.082 0.219 0.299 0.385 0.517 0.564
Compiling model graph
   Resolving undeclared variables
   Allocating nodes
Graph information:
   Observed stochastic nodes: 28
   Unobserved stochastic nodes: 24
   Total graph size: 4274

Initializing model

  |                                                          |                                                  |   0%  |                                                          |++                                                |   4%  |                                                          |++++                                              |   8%  |                                                          |++++++                                            |  12%  |                                                          |++++++++                                          |  16%  |                                                          |++++++++++                                        |  20%  |                                                          |++++++++++++                                      |  24%  |                                                          |++++++++++++++                                    |  28%  |                                                          |++++++++++++++++                                  |  32%  |                                                          |++++++++++++++++++                                |  36%  |                                                          |++++++++++++++++++++                              |  40%  |                                                          |++++++++++++++++++++++                            |  44%  |                                                          |++++++++++++++++++++++++                          |  48%  |                                                          |++++++++++++++++++++++++++                        |  52%  |                                                          |++++++++++++++++++++++++++++                      |  56%  |                                                          |++++++++++++++++++++++++++++++                    |  60%  |                                                          |++++++++++++++++++++++++++++++++                  |  64%  |                                                          |++++++++++++++++++++++++++++++++++                |  68%  |                                                          |++++++++++++++++++++++++++++++++++++              |  72%  |                                                          |++++++++++++++++++++++++++++++++++++++            |  76%  |                                                          |++++++++++++++++++++++++++++++++++++++++          |  80%  |                                                          |++++++++++++++++++++++++++++++++++++++++++        |  84%  |                                                          |++++++++++++++++++++++++++++++++++++++++++++      |  88%  |                                                          |++++++++++++++++++++++++++++++++++++++++++++++    |  92%  |                                                          |++++++++++++++++++++++++++++++++++++++++++++++++  |  96%  |                                                          |++++++++++++++++++++++++++++++++++++++++++++++++++| 100%
  |                                                          |                                                  |   0%  |                                                          |**                                                |   4%  |                                                          |****                                              |   8%  |                                                          |******                                            |  12%  |                                                          |********                                          |  16%  |                                                          |**********                                        |  20%  |                                                          |************                                      |  24%  |                                                          |**************                                    |  28%  |                                                          |****************                                  |  32%  |                                                          |******************                                |  36%  |                                                          |********************                              |  40%  |                                                          |**********************                            |  44%  |                                                          |************************                          |  48%  |                                                          |**************************                        |  52%  |                                                          |****************************                      |  56%  |                                                          |******************************                    |  60%  |                                                          |********************************                  |  64%  |                                                          |**********************************                |  68%  |                                                          |************************************              |  72%  |                                                          |**************************************            |  76%  |                                                          |****************************************          |  80%  |                                                          |******************************************        |  84%  |                                                          |********************************************      |  88%  |                                                          |**********************************************    |  92%  |                                                          |************************************************  |  96%  |                                                          |**************************************************| 100%

################################################################################
# Gelman-Rubin Diagnostic
################################################################################

Generally the Gelman diagnostic should be < 1.05

Out of 138 variables: 119 > 1.01
                      78 > 1.05
                      48 > 1.1

The worst variables are:
              Point est. Upper C.I.
ilr.fac1[3,1]   2.132808   7.849520
ilr.fac1[2,2]   2.072108   5.209489
ilr.fac1[3,2]   2.015253   5.482925
ilr.fac1[2,1]   1.998539   5.751552
fac1.sig        1.952533   6.452689
ilr.cont1[2]    1.919027   5.223135
ilr.cont1[1]    1.884284   4.742342
ilr.fac1[1,2]   1.882532   6.919492
p.global[1]     1.768577   5.736384
ilr.global[1]   1.579196   2.531617

################################################################################
# Geweke Diagnostic
################################################################################

The Geweke diagnostic is a standard z-score, so we'd expect 5% to be outside +/-1.96
Number of variables outside +/-1.96 in each chain (out of 138):

       Chain 1 Chain 2 Chain 3
Geweke      36      52      86

################################################################################
# Summary Statistics
################################################################################

DIC = 93.34615

                    Mean    SD  2.5%    5%   25%   50%   75%    95%  97.5%
Epsilon.1          3.559 1.694 1.040 1.277 2.348 3.273 4.507  6.696  7.690
Epsilon.2          2.177 1.047 0.716 0.873 1.441 1.992 2.700  4.129  4.761
phy.group.SD       2.838 3.283 0.248 0.311 0.782 1.448 3.393 10.901 12.448
p.global.Algae     0.124 0.137 0.005 0.010 0.044 0.077 0.127  0.497  0.540
p.global.Plants    0.218 0.121 0.064 0.075 0.123 0.182 0.303  0.431  0.490
p.global.POM       0.657 0.172 0.319 0.332 0.528 0.684 0.811  0.873  0.888
p.>350um.Algae     0.020 0.025 0.000 0.000 0.001 0.010 0.031  0.072  0.088
p.cladocera.Algae  0.058 0.065 0.000 0.000 0.002 0.039 0.090  0.190  0.232
p.copepoda.Algae   0.030 0.037 0.000 0.000 0.001 0.017 0.046  0.099  0.126
p.>350um.Plants    0.044 0.043 0.000 0.000 0.004 0.034 0.073  0.126  0.142
p.cladocera.Plants 0.138 0.064 0.011 0.026 0.093 0.140 0.182  0.242  0.262
p.copepoda.Plants  0.219 0.093 0.013 0.045 0.161 0.224 0.285  0.365  0.394
p.>350um.POM       0.936 0.057 0.811 0.833 0.899 0.943 0.991  1.000  1.000
p.cladocera.POM    0.804 0.095 0.603 0.651 0.744 0.805 0.863  0.968  0.989
p.copepoda.POM     0.751 0.110 0.526 0.572 0.678 0.749 0.819  0.954  0.987
