
#################################################################
# Summary Statistics
#################################################################

DIC = 159.6009

                         Mean    SD  2.5%    5%   25%   50%   75%   95% 97.5%
p.SNL-ZOOP-01A.Algae    0.043 0.038 0.001 0.003 0.014 0.033 0.062 0.119 0.138
p.SNL-ZOOP-02A.Algae    0.043 0.061 0.000 0.001 0.005 0.019 0.055 0.169 0.227
p.SNL-ZOOP-03A.Algae    0.041 0.057 0.000 0.001 0.006 0.021 0.053 0.149 0.197
p.SNL-ZOOP-04A.Algae    0.033 0.043 0.000 0.001 0.006 0.017 0.041 0.119 0.157
p.SNL-ZOOP-05A.Algae    0.034 0.045 0.000 0.001 0.007 0.018 0.043 0.121 0.159
p.SNL-ZOOP-06A.Algae    0.039 0.047 0.001 0.002 0.009 0.024 0.051 0.129 0.168
p.SNL-ZOOP-07A.Algae    0.047 0.057 0.001 0.001 0.009 0.027 0.063 0.161 0.203
p.SNL-ZOOP-08A.Algae    0.057 0.071 0.001 0.001 0.010 0.031 0.075 0.198 0.255
p.SNL-ZOOP-09A.Algae    0.076 0.093 0.001 0.002 0.013 0.042 0.106 0.268 0.327
p.SNL-ZOOP-10A.Algae    0.121 0.162 0.000 0.001 0.008 0.038 0.188 0.468 0.549
p.SNL-ZOOP-11A.Algae    0.080 0.098 0.001 0.002 0.012 0.042 0.110 0.283 0.359
p.SNL-ZOOP-13A.Algae    0.057 0.068 0.001 0.002 0.011 0.032 0.076 0.190 0.243
p.SNL-ZOOP-14A.Algae    0.045 0.058 0.001 0.001 0.008 0.023 0.060 0.164 0.210
p.SNL-ZOOP-15A.Algae    0.065 0.076 0.001 0.002 0.012 0.036 0.088 0.225 0.282
p.SNL-ZOOP-16A.Algae    0.047 0.061 0.000 0.001 0.007 0.024 0.064 0.169 0.217
p.SNL-ZOOP-17A.Algae    0.066 0.080 0.001 0.001 0.012 0.036 0.090 0.232 0.295
p.SNL-ZOOP-18A.Algae    0.123 0.140 0.001 0.002 0.016 0.063 0.194 0.413 0.473
p.SNL-ZOOP-19A.Algae    0.180 0.198 0.001 0.001 0.014 0.086 0.320 0.573 0.650
p.SNL-ZOOP-20A.Algae    0.207 0.220 0.001 0.001 0.014 0.101 0.391 0.621 0.686
p.SNL-ZOOP-GFF47.Algae  0.046 0.063 0.000 0.001 0.006 0.021 0.057 0.178 0.231
p.SNL-ZOOP-GFF48.Algae  0.087 0.122 0.000 0.001 0.007 0.029 0.117 0.355 0.433
p.SNL-ZOOP-GFF49.Algae  0.034 0.045 0.000 0.001 0.006 0.017 0.046 0.123 0.153
p.SNL-ZOOP-GFF53.Algae  0.041 0.054 0.000 0.001 0.006 0.020 0.053 0.154 0.193
p.SNL-ZOOP-GFF65.Algae  0.032 0.042 0.000 0.001 0.005 0.016 0.040 0.119 0.155
p.SNL-ZOOP-GFF66.Algae  0.053 0.071 0.000 0.001 0.007 0.024 0.071 0.197 0.252
p.SNL-ZOOP-GFF67.Algae  0.144 0.181 0.001 0.001 0.010 0.050 0.244 0.524 0.610
p.SNL-ZOOP-GFF69.Algae  0.031 0.042 0.000 0.001 0.005 0.015 0.040 0.111 0.145
p.SNL-ZOOP-GFF70.Algae  0.037 0.049 0.000 0.001 0.006 0.019 0.047 0.131 0.167
p.SNL-ZOOP-01A.Plants   0.091 0.032 0.034 0.041 0.067 0.089 0.111 0.146 0.160
p.SNL-ZOOP-02A.Plants   0.053 0.045 0.004 0.006 0.019 0.040 0.072 0.144 0.173
p.SNL-ZOOP-03A.Plants   0.071 0.060 0.004 0.007 0.024 0.054 0.103 0.193 0.226
p.SNL-ZOOP-04A.Plants   0.061 0.052 0.004 0.006 0.022 0.045 0.086 0.169 0.193
p.SNL-ZOOP-05A.Plants   0.080 0.068 0.005 0.007 0.026 0.060 0.119 0.214 0.249
p.SNL-ZOOP-06A.Plants   0.325 0.173 0.013 0.025 0.189 0.358 0.461 0.569 0.598
p.SNL-ZOOP-07A.Plants   0.218 0.137 0.008 0.016 0.097 0.216 0.326 0.443 0.476
p.SNL-ZOOP-08A.Plants   0.243 0.140 0.010 0.019 0.124 0.251 0.351 0.461 0.491
p.SNL-ZOOP-09A.Plants   0.269 0.139 0.012 0.030 0.161 0.280 0.376 0.478 0.513
p.SNL-ZOOP-10A.Plants   0.071 0.057 0.005 0.008 0.028 0.056 0.099 0.187 0.216
p.SNL-ZOOP-11A.Plants   0.214 0.124 0.012 0.020 0.115 0.214 0.305 0.418 0.450
p.SNL-ZOOP-13A.Plants   0.283 0.142 0.016 0.027 0.179 0.299 0.389 0.493 0.531
p.SNL-ZOOP-14A.Plants   0.114 0.087 0.006 0.010 0.041 0.093 0.171 0.280 0.316
p.SNL-ZOOP-15A.Plants   0.302 0.145 0.016 0.033 0.203 0.323 0.411 0.515 0.545
p.SNL-ZOOP-16A.Plants   0.095 0.076 0.005 0.008 0.034 0.076 0.141 0.243 0.279
p.SNL-ZOOP-17A.Plants   0.236 0.131 0.012 0.022 0.128 0.241 0.336 0.443 0.476
p.SNL-ZOOP-18A.Plants   0.292 0.138 0.019 0.041 0.198 0.308 0.393 0.499 0.527
p.SNL-ZOOP-19A.Plants   0.197 0.119 0.010 0.019 0.097 0.194 0.288 0.395 0.431
p.SNL-ZOOP-20A.Plants   0.176 0.115 0.011 0.018 0.079 0.165 0.254 0.380 0.412
p.SNL-ZOOP-GFF47.Plants 0.057 0.048 0.004 0.006 0.021 0.044 0.083 0.152 0.179
p.SNL-ZOOP-GFF48.Plants 0.065 0.053 0.005 0.007 0.024 0.051 0.090 0.168 0.202
p.SNL-ZOOP-GFF49.Plants 0.063 0.055 0.004 0.006 0.022 0.046 0.088 0.181 0.211
p.SNL-ZOOP-GFF53.Plants 0.061 0.052 0.004 0.006 0.021 0.045 0.086 0.169 0.192
p.SNL-ZOOP-GFF65.Plants 0.053 0.046 0.004 0.006 0.018 0.039 0.075 0.145 0.173
p.SNL-ZOOP-GFF66.Plants 0.082 0.068 0.005 0.008 0.030 0.063 0.119 0.221 0.253
p.SNL-ZOOP-GFF67.Plants 0.089 0.070 0.006 0.009 0.034 0.071 0.127 0.223 0.256
p.SNL-ZOOP-GFF69.Plants 0.043 0.039 0.003 0.005 0.015 0.032 0.058 0.121 0.148
p.SNL-ZOOP-GFF70.Plants 0.078 0.066 0.005 0.007 0.026 0.060 0.113 0.210 0.244
p.SNL-ZOOP-01A.POM      0.866 0.051 0.751 0.775 0.836 0.872 0.903 0.938 0.949
p.SNL-ZOOP-02A.POM      0.904 0.079 0.693 0.749 0.868 0.924 0.963 0.988 0.992
p.SNL-ZOOP-03A.POM      0.888 0.085 0.688 0.730 0.841 0.907 0.954 0.986 0.990
p.SNL-ZOOP-04A.POM      0.907 0.070 0.733 0.769 0.870 0.923 0.960 0.987 0.992
p.SNL-ZOOP-05A.POM      0.887 0.083 0.693 0.727 0.840 0.904 0.953 0.985 0.990
p.SNL-ZOOP-06A.POM      0.636 0.180 0.335 0.379 0.499 0.604 0.772 0.951 0.972
p.SNL-ZOOP-07A.POM      0.735 0.150 0.451 0.492 0.621 0.732 0.858 0.965 0.981
p.SNL-ZOOP-08A.POM      0.701 0.155 0.411 0.459 0.586 0.688 0.821 0.960 0.975
p.SNL-ZOOP-09A.POM      0.655 0.164 0.345 0.394 0.540 0.644 0.770 0.942 0.968
p.SNL-ZOOP-10A.POM      0.808 0.177 0.358 0.446 0.715 0.876 0.942 0.984 0.990
p.SNL-ZOOP-11A.POM      0.707 0.158 0.395 0.440 0.595 0.708 0.827 0.959 0.978
p.SNL-ZOOP-13A.POM      0.661 0.156 0.382 0.421 0.551 0.646 0.770 0.942 0.968
p.SNL-ZOOP-14A.POM      0.841 0.107 0.602 0.641 0.772 0.858 0.931 0.980 0.986
p.SNL-ZOOP-15A.POM      0.633 0.163 0.342 0.387 0.518 0.616 0.740 0.938 0.967
p.SNL-ZOOP-16A.POM      0.857 0.100 0.628 0.677 0.792 0.876 0.938 0.984 0.989
p.SNL-ZOOP-17A.POM      0.698 0.151 0.405 0.455 0.594 0.691 0.807 0.954 0.975
p.SNL-ZOOP-18A.POM      0.585 0.188 0.232 0.284 0.455 0.575 0.709 0.926 0.958
p.SNL-ZOOP-19A.POM      0.623 0.230 0.180 0.240 0.439 0.646 0.816 0.963 0.979
p.SNL-ZOOP-20A.POM      0.617 0.248 0.152 0.210 0.408 0.643 0.842 0.966 0.978
p.SNL-ZOOP-GFF47.POM    0.897 0.082 0.681 0.735 0.858 0.918 0.958 0.987 0.991
p.SNL-ZOOP-GFF48.POM    0.849 0.138 0.475 0.563 0.786 0.893 0.950 0.986 0.991
p.SNL-ZOOP-GFF49.POM    0.902 0.073 0.728 0.760 0.863 0.920 0.959 0.987 0.991
p.SNL-ZOOP-GFF53.POM    0.898 0.077 0.708 0.751 0.856 0.918 0.958 0.987 0.991
p.SNL-ZOOP-GFF65.POM    0.915 0.065 0.753 0.792 0.880 0.931 0.965 0.988 0.991
p.SNL-ZOOP-GFF66.POM    0.865 0.101 0.630 0.674 0.806 0.888 0.945 0.983 0.989
p.SNL-ZOOP-GFF67.POM    0.767 0.200 0.282 0.367 0.645 0.832 0.930 0.981 0.988
p.SNL-ZOOP-GFF69.POM    0.927 0.060 0.775 0.808 0.901 0.942 0.970 0.989 0.993
p.SNL-ZOOP-GFF70.POM    0.885 0.085 0.684 0.722 0.839 0.904 0.953 0.986 0.990
