
################################################################################
# Gelman-Rubin Diagnostic
################################################################################

Generally the Gelman diagnostic should be < 1.05


Out of 172 variables: 1 > 1.01

                      
0 > 1.05

                      
0 > 1.1


The worst variables are:

             Point est. Upper C.I.
loglik[25]     1.014556   1.018094
loglik[3]      1.008845   1.018006
p.fac1[17,1]   1.007758   1.018895
deviance       1.006245   1.023648
loglik[20]     1.005629   1.015168
loglik[27]     1.005608   1.006839
loglik[23]     1.004877   1.010172
p.fac1[4,1]    1.004826   1.011079
p.fac1[21,3]   1.004591   1.011543
p.fac1[23,1]   1.004533   1.009832


And here are the Gelman diagnostics for all variables:

               Point est. Upper C.I.
deviance        1.0062452  1.0236475
ilr.fac1[1,1]         NaN        NaN
ilr.fac1[1,2]         NaN        NaN
ilr.fac1[10,1]  1.0003061  1.0023143
ilr.fac1[10,2]  0.9995996  0.9996868
ilr.fac1[11,1]  1.0026004  1.0105697
ilr.fac1[11,2]  1.0008672  1.0015833
ilr.fac1[12,1]  1.0014035  1.0064461
ilr.fac1[12,2]  1.0002578  1.0012198
ilr.fac1[13,1]  1.0024593  1.0096457
ilr.fac1[13,2]  1.0006820  1.0020052
ilr.fac1[14,1]  1.0001906  1.0017582
ilr.fac1[14,2]  1.0005244  1.0015039
ilr.fac1[15,1]  0.9998557  1.0005649
ilr.fac1[15,2]  0.9997593  1.0002304
ilr.fac1[16,1]  0.9996808  1.0000402
ilr.fac1[16,2]  1.0038110  1.0067007
ilr.fac1[17,1]  1.0000750  1.0015911
ilr.fac1[17,2]  1.0013448  1.0053381
ilr.fac1[18,1]  1.0021678  1.0048285
ilr.fac1[18,2]  1.0029887  1.0117600
ilr.fac1[19,1]  1.0005315  1.0032613
ilr.fac1[19,2]  1.0011987  1.0047462
ilr.fac1[2,1]   1.0020289  1.0077832
ilr.fac1[2,2]   1.0007495  1.0023842
ilr.fac1[20,1]  1.0017909  1.0037762
ilr.fac1[20,2]  1.0001050  1.0013650
ilr.fac1[21,1]  0.9998250  1.0002057
ilr.fac1[21,2]  1.0015529  1.0024173
ilr.fac1[22,1]  1.0013306  1.0055909
ilr.fac1[22,2]  1.0011828  1.0048971
ilr.fac1[23,1]  1.0000937  1.0001662
ilr.fac1[23,2]  1.0022413  1.0056899
ilr.fac1[24,1]  0.9997128  1.0000282
ilr.fac1[24,2]  1.0004893  1.0016693
ilr.fac1[25,1]  1.0016523  1.0043295
ilr.fac1[25,2]  1.0004888  1.0018897
ilr.fac1[26,1]  1.0015195  1.0067163
ilr.fac1[26,2]  1.0000735  1.0013338
ilr.fac1[27,1]  1.0004293  1.0010648
ilr.fac1[27,2]  1.0015625  1.0056352
ilr.fac1[28,1]  0.9998875  1.0000202
ilr.fac1[28,2]  1.0005710  1.0006593
ilr.fac1[3,1]   1.0022197  1.0080682
ilr.fac1[3,2]   1.0008368  1.0043849
ilr.fac1[4,1]   1.0001942  1.0016064
ilr.fac1[4,2]   0.9995871  0.9998108
ilr.fac1[5,1]   1.0012238  1.0043651
ilr.fac1[5,2]   1.0005489  1.0024961
ilr.fac1[6,1]   1.0003325  1.0005844
ilr.fac1[6,2]   1.0002672  1.0004178
ilr.fac1[7,1]   1.0025284  1.0088086
ilr.fac1[7,2]   1.0010506  1.0029894
ilr.fac1[8,1]   1.0000659  1.0012533
ilr.fac1[8,2]   1.0012801  1.0055473
ilr.fac1[9,1]   1.0005103  1.0015606
ilr.fac1[9,2]   1.0021712  1.0038026
loglik[1]       1.0006870  1.0028382
loglik[10]      1.0019839  1.0045203
loglik[11]      1.0014028  1.0042041
loglik[12]      1.0031989  1.0108014
loglik[13]      1.0032863  1.0043925
loglik[14]      1.0018494  1.0058779
loglik[15]      1.0035055  1.0036004
loglik[16]      1.0029160  1.0109880
loglik[17]      1.0008900  1.0030284
loglik[18]      1.0012743  1.0056306
loglik[19]      1.0006653  1.0037829
loglik[2]       1.0017523  1.0065961
loglik[20]      1.0056290  1.0151678
loglik[21]      1.0007263  1.0011891
loglik[22]      1.0010182  1.0043607
loglik[23]      1.0048772  1.0101719
loglik[24]      1.0010267  1.0031580
loglik[25]      1.0145564  1.0180940
loglik[26]      1.0017519  1.0021706
loglik[27]      1.0056083  1.0068391
loglik[28]      1.0023632  1.0083780
loglik[3]       1.0088446  1.0180063
loglik[4]       1.0004844  1.0016306
loglik[5]       1.0037977  1.0038166
loglik[6]       1.0000071  1.0002573
loglik[7]       1.0017845  1.0075965
loglik[8]       1.0005417  1.0025466
loglik[9]       1.0008077  1.0034737
p.fac1[1,1]     1.0028670  1.0101772
p.fac1[1,2]     1.0009433  1.0011932
p.fac1[1,3]     1.0019159  1.0073108
p.fac1[10,1]    1.0010423  1.0042941
p.fac1[10,2]    1.0033682  1.0066286
p.fac1[10,3]    1.0005952  1.0031683
p.fac1[11,1]    1.0011246  1.0047068
p.fac1[11,2]    0.9999335  1.0004652
p.fac1[11,3]    1.0003681  1.0021110
p.fac1[12,1]    1.0013946  1.0024910
p.fac1[12,2]    1.0005606  1.0013714
p.fac1[12,3]    1.0009452  1.0012641
p.fac1[13,1]    0.9998924  1.0002139
p.fac1[13,2]    1.0003645  1.0026466
p.fac1[13,3]    1.0006651  1.0027271
p.fac1[14,1]    1.0040820  1.0098800
p.fac1[14,2]    1.0010387  1.0047524
p.fac1[14,3]    1.0020438  1.0088100
p.fac1[15,1]    1.0010981  1.0036939
p.fac1[15,2]    0.9996795  0.9998237
p.fac1[15,3]    1.0006117  1.0021936
p.fac1[16,1]    1.0013256  1.0052278
p.fac1[16,2]    1.0013006  1.0022557
p.fac1[16,3]    1.0019437  1.0055399
p.fac1[17,1]    1.0077581  1.0188955
p.fac1[17,2]    1.0001390  1.0014884
p.fac1[17,3]    1.0037059  1.0140096
p.fac1[18,1]    1.0039430  1.0141356
p.fac1[18,2]    1.0006175  1.0026560
p.fac1[18,3]    1.0041709  1.0162006
p.fac1[19,1]    1.0017083  1.0074716
p.fac1[19,2]    1.0004585  1.0020683
p.fac1[19,3]    1.0023795  1.0097752
p.fac1[2,1]     1.0008469  1.0025431
p.fac1[2,2]     1.0007720  1.0019630
p.fac1[2,3]     1.0006390  1.0009338
p.fac1[20,1]    1.0014858  1.0042752
p.fac1[20,2]    1.0037532  1.0086451
p.fac1[20,3]    0.9996381  0.9996431
p.fac1[21,1]    1.0045178  1.0110671
p.fac1[21,2]    1.0013778  1.0029186
p.fac1[21,3]    1.0045906  1.0115428
p.fac1[22,1]    1.0036731  1.0043920
p.fac1[22,2]    1.0037977  1.0109097
p.fac1[22,3]    1.0006233  1.0028828
p.fac1[23,1]    1.0045334  1.0098321
p.fac1[23,2]    0.9999211  1.0008278
p.fac1[23,3]    1.0013835  1.0062146
p.fac1[24,1]    1.0004746  1.0009373
p.fac1[24,2]    0.9996573  0.9999792
p.fac1[24,3]    0.9996859  0.9996922
p.fac1[25,1]    1.0023969  1.0076742
p.fac1[25,2]    0.9996534  0.9997153
p.fac1[25,3]    1.0005269  1.0026148
p.fac1[26,1]    1.0014199  1.0051674
p.fac1[26,2]    1.0000197  1.0011643
p.fac1[26,3]    1.0009443  1.0031097
p.fac1[27,1]    1.0022239  1.0046180
p.fac1[27,2]    1.0039828  1.0081551
p.fac1[27,3]    1.0031099  1.0079278
p.fac1[28,1]    1.0005935  1.0010792
p.fac1[28,2]    0.9996217  0.9997291
p.fac1[28,3]    0.9999125  1.0001353
p.fac1[3,1]     1.0009772  1.0016989
p.fac1[3,2]     1.0042007  1.0117948
p.fac1[3,3]     1.0015044  1.0051829
p.fac1[4,1]     1.0048262  1.0110785
p.fac1[4,2]     1.0003202  1.0009770
p.fac1[4,3]     1.0005409  1.0032700
p.fac1[5,1]     1.0033534  1.0043590
p.fac1[5,2]     1.0006311  1.0010746
p.fac1[5,3]     1.0004195  1.0008048
p.fac1[6,1]     1.0009430  1.0025714
p.fac1[6,2]     0.9995630  0.9995877
p.fac1[6,3]     0.9995870  0.9996193
p.fac1[7,1]     1.0009240  1.0036147
p.fac1[7,2]     1.0011952  1.0056582
p.fac1[7,3]     1.0004924  1.0031471
p.fac1[8,1]     1.0013027  1.0056205
p.fac1[8,2]     1.0007026  1.0029435
p.fac1[8,3]     1.0014533  1.0062646
p.fac1[9,1]     1.0000697  1.0014207
p.fac1[9,2]     1.0006530  1.0037096
p.fac1[9,3]     1.0011384  1.0051677
p.global[1]     1.0028670  1.0101772
p.global[2]     1.0009433  1.0011932
p.global[3]     1.0019159  1.0073108

################################################################################
# Geweke Diagnostic
################################################################################

The Geweke diagnostic is a standard z-score, so we'd expect 5% to be outside +/-1.96
Number of variables outside +/-1.96 in each chain (out of 
172
):


       Chain 1 Chain 2 Chain 3
Geweke      15      13       8


And here are the Geweke diagnostics for all variables:

               chain1 chain2 chain3
deviance        1.427 -0.407  0.784
ilr.fac1[10,1] -0.623 -0.689  0.650
ilr.fac1[10,2] -0.214 -0.577  1.277
ilr.fac1[11,1] -0.536  0.278  2.348
ilr.fac1[11,2] -0.377 -0.747  0.579
ilr.fac1[12,1]  0.929 -0.193  1.660
ilr.fac1[12,2]  0.272 -1.385  1.025
ilr.fac1[13,1]  2.041 -0.737 -1.415
ilr.fac1[13,2]  1.824  0.123 -1.690
ilr.fac1[14,1]  0.091 -0.095 -0.301
ilr.fac1[14,2] -1.331 -0.902 -0.925
ilr.fac1[15,1] -1.650  0.499  0.211
ilr.fac1[15,2]  0.192 -0.488 -0.060
ilr.fac1[16,1]  0.360 -2.665 -0.620
ilr.fac1[16,2] -0.512  0.526 -0.291
ilr.fac1[17,1]  0.123 -0.939 -1.034
ilr.fac1[17,2]  0.869 -1.324 -0.613
ilr.fac1[18,1] -1.017 -1.435 -0.007
ilr.fac1[18,2] -0.766 -0.404 -0.076
ilr.fac1[19,1] -1.085 -0.213 -0.143
ilr.fac1[19,2] -1.323  0.221 -0.628
ilr.fac1[2,1]  -0.200 -1.282  1.544
ilr.fac1[2,2]   0.073 -0.943  0.156
ilr.fac1[20,1] -1.141 -0.197  1.377
ilr.fac1[20,2] -0.540 -0.179  0.153
ilr.fac1[21,1]  1.928 -0.206 -0.424
ilr.fac1[21,2]  1.175 -1.500 -0.158
ilr.fac1[22,1]  0.425 -0.081 -0.252
ilr.fac1[22,2]  0.925 -1.161 -0.840
ilr.fac1[23,1]  0.842 -0.732  1.340
ilr.fac1[23,2]  0.524  0.013 -0.166
ilr.fac1[24,1]  1.591  0.077 -1.584
ilr.fac1[24,2]  0.886  0.093  1.569
ilr.fac1[25,1]  0.933 -2.056  0.677
ilr.fac1[25,2]  1.465 -1.352  0.736
ilr.fac1[26,1]  0.365  1.018  0.478
ilr.fac1[26,2] -2.987  1.372 -1.531
ilr.fac1[27,1] -1.514  1.721 -0.322
ilr.fac1[27,2] -0.084  1.603 -0.757
ilr.fac1[28,1]  2.631 -1.242  1.148
ilr.fac1[28,2]  0.661  0.509  0.027
ilr.fac1[3,1]   1.076  1.394  1.109
ilr.fac1[3,2]   1.118 -0.455 -1.677
ilr.fac1[4,1]  -0.059  0.133 -0.562
ilr.fac1[4,2]   1.268 -0.888  0.787
ilr.fac1[5,1]  -0.181  1.060  0.896
ilr.fac1[5,2]   1.428 -0.554  0.119
ilr.fac1[6,1]   1.243 -0.991 -0.377
ilr.fac1[6,2]  -0.882 -0.940  0.921
ilr.fac1[7,1]  -0.796 -1.095  0.775
ilr.fac1[7,2]   0.281 -0.199  0.391
ilr.fac1[8,1]   0.840  0.364 -1.178
ilr.fac1[8,2]  -1.159 -1.350 -0.095
ilr.fac1[9,1]  -0.939  0.844  0.139
ilr.fac1[9,2]  -1.513  0.680  1.203
loglik[1]       0.121 -1.386 -0.120
loglik[10]     -0.856 -0.770  2.219
loglik[11]      0.037 -0.577 -0.793
loglik[12]      0.079 -0.330 -0.453
loglik[13]     -0.852  1.634  0.117
loglik[14]     -1.264  0.013 -0.223
loglik[15]     -1.374 -1.153  0.089
loglik[16]     -0.681  1.854 -0.395
loglik[17]      1.209 -0.102  0.168
loglik[18]     -0.746  0.455 -0.350
loglik[19]     -0.978  0.980 -0.815
loglik[2]      -0.387 -0.761 -0.636
loglik[20]     -0.606 -0.954 -0.432
loglik[21]      2.327  0.595 -0.003
loglik[22]     -1.290  1.700  0.056
loglik[23]     -0.373 -1.154  1.008
loglik[24]     -1.370  0.849 -2.450
loglik[25]     -0.005 -0.049  1.606
loglik[26]     -1.474  2.212 -0.597
loglik[27]     -1.810 -1.797 -2.579
loglik[28]     -1.836 -2.324  0.141
loglik[3]      -1.282 -0.813  0.639
loglik[4]      -1.476  1.415 -2.487
loglik[5]      -1.239  2.075 -1.454
loglik[6]      -0.441  1.258 -0.433
loglik[7]       0.694 -0.667 -1.152
loglik[8]      -0.909 -0.700  0.684
loglik[9]      -0.156  0.826  1.764
p.fac1[1,1]    -1.899  1.045  0.599
p.fac1[1,2]     0.549  1.726  0.712
p.fac1[1,3]     1.180 -1.898 -0.961
p.fac1[10,1]   -1.695  0.114  1.538
p.fac1[10,2]    0.510  0.450  1.019
p.fac1[10,3]    1.425 -0.217 -1.756
p.fac1[11,1]   -2.464  0.651  1.193
p.fac1[11,2]    0.195 -0.317 -0.306
p.fac1[11,3]    1.571 -0.199 -0.546
p.fac1[12,1]   -1.188  0.724  2.020
p.fac1[12,2]   -0.062 -0.511  0.179
p.fac1[12,3]    0.665  0.095 -1.153
p.fac1[13,1]   -0.248  0.613 -1.123
p.fac1[13,2]    1.332  0.853 -0.386
p.fac1[13,3]   -0.622 -0.869  0.955
p.fac1[14,1]   -2.444  0.735 -0.652
p.fac1[14,2]   -0.887  0.199 -0.282
p.fac1[14,3]    1.544 -0.687  0.441
p.fac1[15,1]   -0.442  1.206 -0.404
p.fac1[15,2]    1.095  0.447  0.124
p.fac1[15,3]   -0.503 -0.862  0.139
p.fac1[16,1]   -1.100 -0.238  0.577
p.fac1[16,2]   -0.760  2.630 -0.039
p.fac1[16,3]    1.405 -2.210 -0.316
p.fac1[17,1]   -1.467 -0.311  0.094
p.fac1[17,2]    1.246 -0.088 -0.036
p.fac1[17,3]    0.567  0.377 -0.041
p.fac1[18,1]   -0.900  0.242  0.182
p.fac1[18,2]   -0.344  0.749 -0.167
p.fac1[18,3]    0.930 -0.509 -0.117
p.fac1[19,1]   -1.485  0.741 -0.495
p.fac1[19,2]    0.531  1.079  0.401
p.fac1[19,3]    1.458 -1.189  0.379
p.fac1[2,1]    -1.457  0.988  0.880
p.fac1[2,2]     0.010  0.601  0.439
p.fac1[2,3]     0.955 -1.083 -1.193
p.fac1[20,1]   -3.216  1.081  1.214
p.fac1[20,2]    0.817  0.856 -0.222
p.fac1[20,3]    2.036 -1.203 -0.785
p.fac1[21,1]   -0.554 -0.953  0.742
p.fac1[21,2]   -0.613  0.262  0.855
p.fac1[21,3]    0.694  0.730 -0.942
p.fac1[22,1]   -2.028  0.083  0.215
p.fac1[22,2]    0.555 -0.357 -0.888
p.fac1[22,3]    0.823  0.335  0.475
p.fac1[23,1]   -1.121  1.702  0.897
p.fac1[23,2]    0.058  0.484 -1.420
p.fac1[23,3]    0.877 -1.552  0.148
p.fac1[24,1]   -0.859  1.290  1.074
p.fac1[24,2]   -0.204  0.165  1.985
p.fac1[24,3]    0.852 -1.121 -2.526
p.fac1[25,1]   -0.786 -0.205  0.679
p.fac1[25,2]    0.613  0.511 -0.589
p.fac1[25,3]    0.248 -0.172 -0.214
p.fac1[26,1]   -2.172  1.139 -0.135
p.fac1[26,2]   -2.210  0.162 -0.389
p.fac1[26,3]    2.197 -1.274  0.301
p.fac1[27,1]   -3.050  2.301  0.934
p.fac1[27,2]    1.679  1.374  1.007
p.fac1[27,3]    0.646 -2.687 -1.277
p.fac1[28,1]   -1.746  1.298  0.282
p.fac1[28,2]   -1.640  2.155 -0.064
p.fac1[28,3]    1.946 -2.371 -0.116
p.fac1[3,1]    -0.271  1.341 -1.432
p.fac1[3,2]     0.520 -0.077 -1.001
p.fac1[3,3]    -0.040 -0.770  1.418
p.fac1[4,1]    -0.767 -0.366  0.861
p.fac1[4,2]     0.789 -0.641  1.433
p.fac1[4,3]     0.236  0.844 -1.560
p.fac1[5,1]    -1.208  1.160  1.233
p.fac1[5,2]     1.013 -1.333  0.031
p.fac1[5,3]    -0.044  0.409 -0.804
p.fac1[6,1]    -3.721  0.715  0.301
p.fac1[6,2]    -1.112  0.442  0.948
p.fac1[6,3]     1.385 -0.652 -1.017
p.fac1[7,1]    -2.887  0.897  0.349
p.fac1[7,2]     1.030  0.884 -0.861
p.fac1[7,3]     0.040 -1.158  0.639
p.fac1[8,1]    -1.047  0.303 -1.655
p.fac1[8,2]    -0.273 -1.191  0.510
p.fac1[8,3]     0.777  0.946  0.310
p.fac1[9,1]    -1.223  2.011  0.327
p.fac1[9,2]    -0.036  0.658  1.251
p.fac1[9,3]     0.989 -2.382 -1.226
p.global[1]    -1.899  1.045  0.599
p.global[2]     0.549  1.726  0.712
p.global[3]     1.180 -1.898 -0.961
