
################################################################################
# Gelman-Rubin Diagnostic
################################################################################

Generally the Gelman diagnostic should be < 1.05


Out of 172 variables: 0 > 1.01

                      
0 > 1.05

                      
0 > 1.1


The worst variables are:

             Point est. Upper C.I.
loglik[5]      1.007690   1.007872
p.fac1[24,1]   1.006978   1.008409
loglik[28]     1.006628   1.009310
p.fac1[15,1]   1.006137   1.010575
loglik[2]      1.005991   1.010717
p.fac1[6,1]    1.005443   1.008441
p.fac1[22,1]   1.004721   1.004835
p.fac1[24,2]   1.004458   1.010278
p.fac1[27,1]   1.004103   1.005942
loglik[25]     1.003346   1.005973


And here are the Gelman diagnostics for all variables:

               Point est. Upper C.I.
deviance        1.0011687  1.0023493
ilr.fac1[1,1]         NaN        NaN
ilr.fac1[1,2]         NaN        NaN
ilr.fac1[10,1]  1.0004425  1.0016500
ilr.fac1[10,2]  0.9997339  1.0000916
ilr.fac1[11,1]  1.0011987  1.0027743
ilr.fac1[11,2]  1.0015005  1.0059774
ilr.fac1[12,1]  1.0008536  1.0033980
ilr.fac1[12,2]  1.0002287  1.0016831
ilr.fac1[13,1]  1.0021169  1.0087155
ilr.fac1[13,2]  1.0003848  1.0009703
ilr.fac1[14,1]  0.9997622  0.9998579
ilr.fac1[14,2]  1.0001030  1.0001788
ilr.fac1[15,1]  0.9999363  1.0006673
ilr.fac1[15,2]  1.0000112  1.0001703
ilr.fac1[16,1]  1.0012595  1.0030233
ilr.fac1[16,2]  1.0008049  1.0036561
ilr.fac1[17,1]  1.0002660  1.0002891
ilr.fac1[17,2]  1.0001334  1.0013067
ilr.fac1[18,1]  0.9999273  1.0002893
ilr.fac1[18,2]  1.0011502  1.0037875
ilr.fac1[19,1]  0.9997908  1.0002082
ilr.fac1[19,2]  1.0016414  1.0034899
ilr.fac1[2,1]   1.0000545  1.0014417
ilr.fac1[2,2]   1.0010053  1.0047605
ilr.fac1[20,1]  1.0005511  1.0010144
ilr.fac1[20,2]  0.9997065  0.9999971
ilr.fac1[21,1]  1.0007993  1.0041452
ilr.fac1[21,2]  1.0000929  1.0011127
ilr.fac1[22,1]  0.9998068  1.0000897
ilr.fac1[22,2]  0.9995830  0.9997744
ilr.fac1[23,1]  1.0007194  1.0038961
ilr.fac1[23,2]  1.0027685  1.0098399
ilr.fac1[24,1]  1.0005688  1.0027060
ilr.fac1[24,2]  0.9998479  1.0002476
ilr.fac1[25,1]  1.0008019  1.0011656
ilr.fac1[25,2]  1.0003382  1.0006892
ilr.fac1[26,1]  1.0006298  1.0033810
ilr.fac1[26,2]  1.0011321  1.0054771
ilr.fac1[27,1]  1.0001013  1.0006454
ilr.fac1[27,2]  1.0013323  1.0056158
ilr.fac1[28,1]  1.0007695  1.0028334
ilr.fac1[28,2]  1.0001190  1.0003236
ilr.fac1[3,1]   1.0005132  1.0012366
ilr.fac1[3,2]   1.0006493  1.0027814
ilr.fac1[4,1]   1.0007137  1.0029330
ilr.fac1[4,2]   1.0010891  1.0053267
ilr.fac1[5,1]   1.0002825  1.0008923
ilr.fac1[5,2]   0.9998497  1.0001436
ilr.fac1[6,1]   1.0002471  1.0017011
ilr.fac1[6,2]   1.0004525  1.0014988
ilr.fac1[7,1]   1.0001213  1.0010855
ilr.fac1[7,2]   0.9998982  1.0001424
ilr.fac1[8,1]   1.0008008  1.0014528
ilr.fac1[8,2]   1.0003213  1.0023193
ilr.fac1[9,1]   0.9999772  1.0002487
ilr.fac1[9,2]   1.0012410  1.0026624
loglik[1]       1.0023371  1.0039269
loglik[10]      1.0013194  1.0045039
loglik[11]      1.0018120  1.0050415
loglik[12]      0.9997046  0.9999840
loglik[13]      1.0013324  1.0032715
loglik[14]      0.9999408  1.0004953
loglik[15]      1.0001448  1.0009044
loglik[16]      1.0000686  1.0003756
loglik[17]      0.9998663  1.0004095
loglik[18]      1.0012106  1.0028425
loglik[19]      0.9999847  1.0002828
loglik[2]       1.0059912  1.0107169
loglik[20]      1.0022197  1.0073024
loglik[21]      1.0032394  1.0055488
loglik[22]      1.0018543  1.0050396
loglik[23]      1.0022764  1.0049977
loglik[24]      1.0017929  1.0061011
loglik[25]      1.0033465  1.0059731
loglik[26]      1.0004783  1.0022881
loglik[27]      1.0008178  1.0035256
loglik[28]      1.0066278  1.0093097
loglik[3]       1.0019800  1.0047265
loglik[4]       0.9999529  1.0008339
loglik[5]       1.0076904  1.0078716
loglik[6]       1.0007174  1.0024619
loglik[7]       0.9998307  1.0002219
loglik[8]       0.9997936  0.9998814
loglik[9]       1.0019776  1.0078179
p.fac1[1,1]     1.0002145  1.0018860
p.fac1[1,2]     1.0012242  1.0020000
p.fac1[1,3]     1.0004672  1.0007598
p.fac1[10,1]    0.9998377  1.0003270
p.fac1[10,2]    1.0008428  1.0037967
p.fac1[10,3]    0.9999518  1.0004785
p.fac1[11,1]    0.9999019  1.0003814
p.fac1[11,2]    1.0015089  1.0063898
p.fac1[11,3]    1.0011121  1.0052301
p.fac1[12,1]    1.0015546  1.0057849
p.fac1[12,2]    1.0007456  1.0029917
p.fac1[12,3]    1.0001005  1.0009192
p.fac1[13,1]    1.0000412  1.0000644
p.fac1[13,2]    0.9996898  0.9998884
p.fac1[13,3]    0.9998234  1.0000283
p.fac1[14,1]    1.0003076  1.0007805
p.fac1[14,2]    0.9997799  0.9998581
p.fac1[14,3]    0.9996498  0.9996856
p.fac1[15,1]    1.0061366  1.0105745
p.fac1[15,2]    1.0020138  1.0057620
p.fac1[15,3]    0.9997193  1.0000576
p.fac1[16,1]    1.0025088  1.0048148
p.fac1[16,2]    1.0007711  1.0036726
p.fac1[16,3]    1.0014534  1.0057798
p.fac1[17,1]    1.0017432  1.0056790
p.fac1[17,2]    0.9997460  0.9998345
p.fac1[17,3]    1.0003596  1.0024520
p.fac1[18,1]    1.0017771  1.0064725
p.fac1[18,2]    0.9998577  1.0005539
p.fac1[18,3]    1.0022657  1.0075869
p.fac1[19,1]    1.0016417  1.0054574
p.fac1[19,2]    1.0005667  1.0027600
p.fac1[19,3]    1.0007607  1.0030278
p.fac1[2,1]     1.0015850  1.0032786
p.fac1[2,2]     1.0021307  1.0052272
p.fac1[2,3]     1.0019937  1.0049499
p.fac1[20,1]    1.0000027  1.0009520
p.fac1[20,2]    1.0001555  1.0006509
p.fac1[20,3]    0.9996543  0.9999898
p.fac1[21,1]    1.0028792  1.0074788
p.fac1[21,2]    1.0025109  1.0056964
p.fac1[21,3]    1.0011414  1.0031899
p.fac1[22,1]    1.0047207  1.0048348
p.fac1[22,2]    1.0002973  1.0006748
p.fac1[22,3]    1.0018834  1.0019530
p.fac1[23,1]    1.0002389  1.0020146
p.fac1[23,2]    1.0020611  1.0083173
p.fac1[23,3]    1.0011611  1.0036788
p.fac1[24,1]    1.0069780  1.0084086
p.fac1[24,2]    1.0044585  1.0102780
p.fac1[24,3]    0.9999031  1.0009410
p.fac1[25,1]    0.9996166  0.9997096
p.fac1[25,2]    1.0030791  1.0059031
p.fac1[25,3]    0.9999017  1.0006923
p.fac1[26,1]    1.0032032  1.0105571
p.fac1[26,2]    1.0005656  1.0014205
p.fac1[26,3]    1.0033019  1.0109166
p.fac1[27,1]    1.0041029  1.0059419
p.fac1[27,2]    1.0002420  1.0021947
p.fac1[27,3]    1.0010124  1.0037429
p.fac1[28,1]    1.0010336  1.0025778
p.fac1[28,2]    1.0017748  1.0056170
p.fac1[28,3]    1.0000072  1.0006643
p.fac1[3,1]     1.0022357  1.0024733
p.fac1[3,2]     1.0010756  1.0036380
p.fac1[3,3]     1.0010412  1.0017095
p.fac1[4,1]     1.0008281  1.0014112
p.fac1[4,2]     1.0000418  1.0013942
p.fac1[4,3]     1.0001396  1.0017157
p.fac1[5,1]     1.0004914  1.0013846
p.fac1[5,2]     1.0005057  1.0016606
p.fac1[5,3]     0.9998258  1.0001412
p.fac1[6,1]     1.0054428  1.0084406
p.fac1[6,2]     1.0004780  1.0030481
p.fac1[6,3]     1.0001516  1.0016334
p.fac1[7,1]     1.0016195  1.0019559
p.fac1[7,2]     0.9998489  1.0001637
p.fac1[7,3]     0.9998321  1.0003607
p.fac1[8,1]     0.9999036  1.0005712
p.fac1[8,2]     1.0000442  1.0010996
p.fac1[8,3]     1.0000833  1.0005288
p.fac1[9,1]     1.0030019  1.0051781
p.fac1[9,2]     1.0007084  1.0028465
p.fac1[9,3]     1.0008579  1.0013677
p.global[1]     1.0002145  1.0018860
p.global[2]     1.0012242  1.0020000
p.global[3]     1.0004672  1.0007598

################################################################################
# Geweke Diagnostic
################################################################################

The Geweke diagnostic is a standard z-score, so we'd expect 5% to be outside +/-1.96
Number of variables outside +/-1.96 in each chain (out of 
172
):


       Chain 1 Chain 2 Chain 3
Geweke       5      11      14


And here are the Geweke diagnostics for all variables:

               chain1 chain2 chain3
deviance       -0.147 -0.811 -1.913
ilr.fac1[10,1] -0.105 -1.343  2.558
ilr.fac1[10,2] -0.254  1.628  1.750
ilr.fac1[11,1] -0.302 -0.794 -3.087
ilr.fac1[11,2] -0.094 -0.036 -0.954
ilr.fac1[12,1]  1.906  0.142 -0.727
ilr.fac1[12,2]  1.429  0.049 -0.093
ilr.fac1[13,1]  1.002 -0.076 -2.532
ilr.fac1[13,2]  0.425  0.366 -1.215
ilr.fac1[14,1]  0.103 -1.760 -1.350
ilr.fac1[14,2] -0.325  0.297  0.116
ilr.fac1[15,1] -0.329 -1.416 -0.620
ilr.fac1[15,2] -2.112 -2.206 -1.891
ilr.fac1[16,1] -0.333  0.949 -2.243
ilr.fac1[16,2] -0.725 -0.657 -0.439
ilr.fac1[17,1]  0.351  1.068  0.534
ilr.fac1[17,2]  0.882  1.131 -1.052
ilr.fac1[18,1]  0.724  0.035  0.748
ilr.fac1[18,2]  1.094  0.824  1.291
ilr.fac1[19,1] -1.098  3.964 -0.292
ilr.fac1[19,2]  0.477  2.757  1.720
ilr.fac1[2,1]   0.774 -0.660 -0.672
ilr.fac1[2,2]  -1.394 -0.105 -2.600
ilr.fac1[20,1]  0.482  1.048  0.262
ilr.fac1[20,2]  0.687 -0.095 -0.073
ilr.fac1[21,1]  0.218  0.072  0.946
ilr.fac1[21,2]  0.922  0.159  0.090
ilr.fac1[22,1]  0.056  0.305  0.270
ilr.fac1[22,2] -0.353 -0.495  0.599
ilr.fac1[23,1]  1.316 -1.922 -1.769
ilr.fac1[23,2] -1.473 -0.012 -0.156
ilr.fac1[24,1]  0.005 -1.304 -2.197
ilr.fac1[24,2]  1.064  0.262 -1.703
ilr.fac1[25,1] -0.607 -0.082 -0.283
ilr.fac1[25,2] -0.097  0.189  0.438
ilr.fac1[26,1]  1.413 -0.531  2.206
ilr.fac1[26,2]  0.611  0.260  0.331
ilr.fac1[27,1]  0.554 -0.229  0.100
ilr.fac1[27,2]  0.355  0.206  0.378
ilr.fac1[28,1] -0.496  0.794  1.805
ilr.fac1[28,2] -0.056 -1.500  0.492
ilr.fac1[3,1]   1.674 -0.734 -0.566
ilr.fac1[3,2]   1.746 -0.261 -0.086
ilr.fac1[4,1]   0.451  1.059  0.495
ilr.fac1[4,2]  -1.447  1.176  0.438
ilr.fac1[5,1]   0.566  2.647 -1.675
ilr.fac1[5,2]  -0.161  0.723  1.402
ilr.fac1[6,1]   0.185  0.768 -1.468
ilr.fac1[6,2]  -0.546 -1.779 -0.848
ilr.fac1[7,1]   0.637 -0.661 -0.028
ilr.fac1[7,2]  -1.072  0.375 -0.823
ilr.fac1[8,1]  -1.124  0.243 -0.617
ilr.fac1[8,2]  -1.247 -1.118 -0.688
ilr.fac1[9,1]  -1.544  0.843  0.953
ilr.fac1[9,2]  -0.011 -1.011 -1.145
loglik[1]       0.708  2.059 -0.660
loglik[10]      0.097 -0.295  1.038
loglik[11]      0.689  0.485  0.057
loglik[12]     -0.235  0.892  0.151
loglik[13]      0.896  0.872  1.016
loglik[14]     -0.343  0.861  1.624
loglik[15]      1.271  1.204  2.691
loglik[16]     -0.208 -0.996  0.467
loglik[17]      0.496 -0.374 -0.293
loglik[18]      0.504  0.996  1.093
loglik[19]      0.672  1.690  0.381
loglik[2]       0.950  0.911  1.575
loglik[20]      0.190  2.389 -0.773
loglik[21]     -1.402  0.297  1.104
loglik[22]      0.013  0.649  0.287
loglik[23]      0.571  0.304 -0.141
loglik[24]     -2.503 -0.300  0.952
loglik[25]     -0.805  0.124  2.229
loglik[26]     -0.734 -0.734  0.956
loglik[27]     -1.498 -0.262  0.893
loglik[28]      1.474  0.124  1.864
loglik[3]      -0.447  0.474  0.695
loglik[4]       1.166 -0.430  1.930
loglik[5]       0.643  0.033  3.634
loglik[6]      -0.845 -0.143  0.459
loglik[7]      -1.102  0.998  0.017
loglik[8]      -0.335 -0.922 -0.137
loglik[9]       1.599 -0.943 -1.328
p.fac1[1,1]    -0.025  0.616  1.211
p.fac1[1,2]     1.263 -0.748  0.359
p.fac1[1,3]    -0.529 -0.030 -1.163
p.fac1[10,1]    0.160  0.804  2.024
p.fac1[10,2]    0.489  1.089  0.012
p.fac1[10,3]   -0.320 -1.076 -1.936
p.fac1[11,1]   -0.106  0.725 -0.613
p.fac1[11,2]    0.679  0.498  0.122
p.fac1[11,3]   -0.513 -0.852  0.144
p.fac1[12,1]    0.648  0.194  1.165
p.fac1[12,2]    0.087 -0.941  0.604
p.fac1[12,3]   -0.478  0.768 -1.172
p.fac1[13,1]    0.195 -0.091 -0.702
p.fac1[13,2]   -0.305  0.487  0.150
p.fac1[13,3]    0.165 -0.383  0.272
p.fac1[14,1]   -0.238  0.174  0.829
p.fac1[14,2]    0.659  0.175  0.879
p.fac1[14,3]   -0.257 -0.216 -1.473
p.fac1[15,1]   -1.414 -1.662 -0.499
p.fac1[15,2]   -0.846 -1.148 -1.508
p.fac1[15,3]    1.681  2.060  1.411
p.fac1[16,1]   -0.041  1.332  0.266
p.fac1[16,2]   -0.319 -1.507  0.663
p.fac1[16,3]    0.294  0.403 -0.710
p.fac1[17,1]   -1.225  1.605  0.681
p.fac1[17,2]    1.817  0.038 -1.592
p.fac1[17,3]   -0.536 -1.227  0.706
p.fac1[18,1]    0.333  1.125  1.430
p.fac1[18,2]    0.216 -0.006  0.204
p.fac1[18,3]   -0.332 -0.967 -1.488
p.fac1[19,1]   -0.075  3.436  0.432
p.fac1[19,2]    1.670 -1.283  2.069
p.fac1[19,3]   -0.631 -2.518 -1.521
p.fac1[2,1]     0.237 -0.090 -1.789
p.fac1[2,2]    -1.800 -0.052 -0.600
p.fac1[2,3]     0.662  0.112  1.687
p.fac1[20,1]    0.178  0.293  1.028
p.fac1[20,2]    0.683 -0.936  0.709
p.fac1[20,3]   -0.537  0.339 -1.176
p.fac1[21,1]   -0.224  0.484  0.765
p.fac1[21,2]    1.559 -0.360 -0.285
p.fac1[21,3]   -0.471 -0.282 -0.532
p.fac1[22,1]    0.152 -0.267  1.206
p.fac1[22,2]    0.106 -0.131  0.407
p.fac1[22,3]   -0.187  0.381 -1.019
p.fac1[23,1]   -0.272 -0.409  0.831
p.fac1[23,2]   -1.572  1.289  1.284
p.fac1[23,3]    1.188 -0.604 -1.408
p.fac1[24,1]    0.758  0.385 -0.371
p.fac1[24,2]    2.011  0.723  0.085
p.fac1[24,3]   -1.931 -0.713  0.174
p.fac1[25,1]    0.624  0.664  1.285
p.fac1[25,2]    0.920 -0.138  0.077
p.fac1[25,3]   -1.024 -0.440 -1.084
p.fac1[26,1]    0.435  0.562  1.716
p.fac1[26,2]    0.305  0.087 -2.410
p.fac1[26,3]   -0.528 -0.542 -1.007
p.fac1[27,1]    0.425  0.908  1.271
p.fac1[27,2]    1.477  0.367 -0.539
p.fac1[27,3]   -1.142 -0.842 -0.500
p.fac1[28,1]   -1.025  0.305  2.307
p.fac1[28,2]    0.291 -2.095 -1.071
p.fac1[28,3]    0.334  1.140 -0.537
p.fac1[3,1]     0.897  0.194  0.607
p.fac1[3,2]     0.906 -0.603  0.793
p.fac1[3,3]    -1.221  0.217 -0.931
p.fac1[4,1]    -1.731  1.906  0.466
p.fac1[4,2]    -1.982 -1.121  0.267
p.fac1[4,3]     2.460 -0.879 -0.435
p.fac1[5,1]    -0.036  1.383  0.472
p.fac1[5,2]    -1.048 -1.212  1.199
p.fac1[5,3]     0.850  0.177 -1.283
p.fac1[6,1]     0.050  0.367  0.492
p.fac1[6,2]    -0.303 -1.375  0.117
p.fac1[6,3]     0.538  1.257 -0.244
p.fac1[7,1]    -0.531 -0.115  0.109
p.fac1[7,2]    -0.813 -0.090 -0.393
p.fac1[7,3]     1.005  0.123  0.325
p.fac1[8,1]    -0.376  1.301 -0.031
p.fac1[8,2]    -0.730 -2.064 -0.294
p.fac1[8,3]     0.792  1.120  0.277
p.fac1[9,1]    -0.027  0.340  1.163
p.fac1[9,2]     0.777 -1.340 -1.766
p.fac1[9,3]    -0.546  1.083  0.739
p.global[1]    -0.025  0.616  1.211
p.global[2]     1.263 -0.748  0.359
p.global[3]    -0.529 -0.030 -1.163
